ANNOT	NSNP	STD	TAU1	TAU1_SE	TAU2	TAU2_SE	THETA	THETA_SE	HSQ1	HSQ1_SE	HSQ2	HSQ2_SE	GCOV	GCOV_SE	GCOR	GCOR_SE	GCORSQ	GCORSQ_SE	HSQ1_ENRICHMENT	HSQ1_ENRICHMENT_SE	HSQ2_ENRICHMENT	HSQ2_ENRICHMENT_SE	GCOV_ENRICHMENT	GCOV_ENRICHMENT_SE	GCORSQ_ENRICHMENT	GCORSQ_ENRICHMENT_SE	GCORSQ_ENRICHMENT_P	GCOVSQ_DIFF	GCOVSQ_DIFF_SE	GCOVSQ_DIFF_P
base	4509232.0	0.0	-3.8783145583920486e-08	5.0854207955808306e-08	-5.9416777276055655e-08	3.015029292896543e-08	-9.652212895616685e-08	3.700372275261543e-08	0.37498689760497267	0.024139674700319923	0.29440310514001156	0.01317753502013918	0.3371432117982922	0.017289656105531265	1.0146942	0.049165048363472755	1.0275962274872004	0.09960374796996792	0.9999953113064177	4.49226509404076e-07	0.9999961152658228	5.869726353103138e-07	1.000005516448819	5.01344188341463e-07	1.0	0.0	1.0	0.0	0.0	1.0
Coding_UCSC	62165.0	0.11584443	1.564277027910066e-07	3.0551464647032844e-07	-1.7270389207624248e-07	1.5244191331476031e-07	2.8256646800173257e-08	1.5823577825813118e-07	0.033376067046314545	0.011829454295494885	0.029630930637045666	0.006680627718124203	0.020684718907972882	0.006023480463010465	0.6577478	0.1605288846637275	0.7389897759925962	0.1426943877033687	6.827242099215605	2.3116810914055756	7.384374366790312	1.647987011126616	4.497515409852642	1.3079592958862738	0.7191441114956808	0.12299542903826717	0.02345906254058927	-0.0006075659907221825	0.00038051600008341766	0.11192162804885086
Coding_UCSC.flanking.500	219900.0	0.21266036	-1.757268677238244e-07	8.363016945622803e-08	-1.399731530682402e-07	5.3814503075955145e-08	-1.9216408020383824e-07	6.288590270742134e-08	0.012202369622531593	0.015031205641883233	0.007510844977478337	0.008323736773826015	0.0125726225086732	0.009077199184689537	1.3132862	1.0927017582022462	1.0998893185584993	0.26499101830448857	0.6614007753682768	0.8160953468982971	0.535937175557172	0.5789375990370993	0.7648130750060185	0.5590503233574324	1.0703516509087216	0.22871647391593838	0.7587135128106688	2.1529475437547916e-05	0.00018355424770156678	0.9067468269360721
Conserved_LindbladToh	108161.0	0.15154585	-1.0097730296365626e-07	3.6894374488838366e-07	-3.451178542945854e-08	2.693945191367675e-07	-2.1137564942819154e-07	1.9599816880599974e-07	0.06018633692449422	0.022476000974456848	0.06320619162701488	0.01427606133113054	0.03533568559015588	0.012996118390143757	0.5729078	0.17301204566109507	0.8213118987301996	0.11626713011528785	6.925766779230134	2.4659372112270326	8.87982674559666	1.9816677721774274	4.389423833357468	1.6692967839387385	0.7992554631487587	0.08274514205388231	0.016155434644832267	-0.0026888172361993635	0.001572717140518752	0.08888684648588896
Conserved_LindbladToh.flanking.500	1373477.0	0.4515007	-8.505028681327076e-09	6.14305690760375e-08	-3.252270275311275e-08	6.335568514259649e-08	-3.906332324277173e-08	8.513897142847782e-08	0.1837107774746198	0.03517712865454952	0.11778508541079603	0.026382679627058283	0.15128335991268374	0.037040543844456465	1.0284394	0.15984480785927072	1.0300996161268643	0.10976759168571966	1.638719035548681	0.30671672111438264	1.309872386158343	0.28741730845750674	1.4789384178336031	0.3584981543321458	1.002436159819101	0.049802423776451145	0.9610349063843264	-0.00021743707924710282	0.006693317871307144	0.9741172833483525
CTCF_Hoffman	107395.0	0.15101671	6.941345276345601e-08	1.7294689769187244e-07	-7.207588481605853e-08	1.008175871675121e-07	-1.4496362155114184e-07	8.667353768032626e-08	0.021100424178664	0.0182967173752524	0.005118157254038931	0.010468263336427508	-0.0028202371099624738	0.008614785606361924	-0.27138337	1.0338020559615064	0.7807582031094981	0.15963736999383019	2.385478460746668	2.06597200704224	0.5990580099473786	1.4983657773299848	-0.34326123166161493	1.074445898037851	0.7597908421858459	0.13033852078801297	0.06682177583654769	-0.00013477060324339226	0.0002995252494430367	0.6532381228848236
CTCF_Hoffman.flanking.500	212093.0	0.20898406	-2.7900497912014544e-07	1.072127915335841e-07	-5.766099064885566e-08	6.319033474255775e-08	-5.9151130216150705e-08	5.6396121550505995e-08	-0.03347404553337779	0.021724968891423082	0.006672225217908907	0.012225832933844119	0.012144411224627352	0.010815134394626605	0.0	0.0	1.4449104868638845	0.30619484675511494	-1.9174757226182841	1.2464449569539857	0.4842755477752279	0.8915411336276376	0.7850617981240184	0.6883052053757559	1.4061072318230967	0.2570084716526036	0.11566485439658702	0.0003103183129614285	0.0005880458772943278	0.598287788489662
DGF_ENCODE	607737.0	0.34707558	-7.11523142626902e-08	9.953751600733085e-08	3.2330536470226434e-08	6.34360404205836e-08	2.859384373721241e-08	8.192813538698829e-08	0.06765549608650581	0.04357311754420175	0.06770985141796798	0.02340593543863761	0.061760647971989185	0.02386664325295609	0.9125031	0.3506490084526201	1.0026228501736207	0.1292322766572659	1.0018922465996165	0.8624875141755995	1.6987606365672794	0.5763923607872647	1.357824775363863	0.5145489298673154	0.9756972859129237	0.07616353109786841	0.7499960095569698	-0.0011113242791450702	0.003330114939262032	0.7389426220335316
DGF_ENCODE.flanking.500	1816577.0	0.497324	6.289751297572366e-08	5.8109367984116034e-08	7.224211628908961e-08	4.9786681444174974e-08	8.293675790582711e-08	5.821894433211128e-08	0.2316037664611139	0.054088478430044246	0.184491195196177	0.03320459405661341	0.23279460148515646	0.0366855999770004	1.1261916	0.1634488182762501	1.064834114600542	0.11416355073188135	1.7075114478465554	0.34927902025228125	1.5595475690081289	0.28747940351430407	1.7167682835541145	0.2488926837985978	1.0362378589150723	0.04827584095840884	0.45375497933102893	0.009774317742465906	0.013307570936548085	0.46351291620992163
DHS_peaks_Trynka	494619.0	0.3070394	1.8090209152887837e-07	1.7935880691766215e-07	4.6415021159873504e-08	8.920640937049029e-08	1.3746853255725e-07	1.0333905464676718e-07	0.12733389983146087	0.049789161930591894	0.07349944088794827	0.024954279444021225	0.07899217565418226	0.02448886525325169	0.81652606	0.2354899970019881	0.9778573274517455	0.11556203487766906	2.970156390157685	1.196590286165385	2.339150547668326	0.7900015344063133	2.139042919301794	0.6741822699799924	0.9515968444560348	0.060913427561269835	0.42778000035090935	-0.0034854456486041567	0.004822955089796614	0.4707259211456618
DHS_Trynka	746356.0	0.36898848	-8.803999662632123e-08	1.3853917835149332e-07	-1.472427300086565e-07	8.062635714622957e-08	-1.8500126941489725e-07	8.556384756275293e-08	0.1452157961536175	0.0532747704614539	0.08678863632229927	0.0318849331647394	0.07427990935712811	0.028904393327011786	0.66165715	0.19687002787415783	0.9539476719304052	0.10613967581820755	2.4216323708749194	0.8613375666588458	1.7719797391670151	0.6706306633674014	1.33733071902929	0.5388376290829742	0.9283292857770709	0.04607107595449859	0.1213789920225814	-0.00752505833868548	0.006085274131059338	0.21769255746525662
DHS_Trynka.flanking.500	1489537.0	0.46958983	-2.1220238011210313e-08	7.299934168258915e-08	-4.718786072999137e-08	4.5311526974955996e-08	1.8806584733965792e-08	5.642576184072823e-08	0.1352673998744917	0.06024778910510829	0.1115837983665928	0.03155908593424155	0.18016214813927725	0.0344301385172894	1.4664471	0.36213567738522473	1.1269842745074945	0.1182965527372128	1.1279554181686935	0.48468613407156247	1.1240319002444155	0.3160970212010058	1.6180924776346128	0.28536468954353594	1.0967189683669134	0.05849068812976701	0.09978970017624222	0.016557811083117324	0.009714078681820403	0.08984526659751757
Enhancer_Andersson	19397.0	0.06530894	9.917112464563616e-08	4.4353566863719607e-07	7.377227717597634e-08	2.1715872833283356e-07	-3.2460479815199506e-07	1.9839217202388681e-07	0.006141513508300509	0.008559954815578948	0.004805616284554048	0.004196704873061036	-0.002853977910668592	0.003640160497620956	-0.52533746	1.1001723193373307	0.47572325088817	0.21410706711673427	4.303650947175768	5.331607258480244	3.8870478833985294	3.310608479907209	-1.9675511571257343	2.4967059184060534	0.46294764243292785	0.20263974167724275	0.008689284967554611	-2.3265733574790046e-05	6.687569671177012e-05	0.7282866071476151
Enhancer_Andersson.flanking.500	66195.0	0.11949169	-1.3404329024524486e-07	1.9460449607322516e-07	-2.0727750893456687e-07	9.44176576922473e-08	-4.9092541587469896e-08	1.1043015746281526e-07	0.0024473074987632955	0.01278252392750924	-0.00445138025797556	0.006026862348014001	0.006367700414177135	0.006992520781532846	0.0	0.0	1.4196371244445218	0.3977204431960107	0.3374318017498889	2.3274067513579384	-1.0728628102612425	1.4018785772277464	1.3236772880217442	1.4368315327846748	1.381512588768437	0.3632034728926393	0.29480354113000384	3.686001644778372e-05	0.00011912634424925474	0.757326163002614
Enhancer_Hoffman	187457.0	0.19639263	1.6369062905141618e-07	1.3318962999164796e-07	4.203612036235427e-08	5.9251206607768836e-08	4.841344036776718e-08	6.454913403786122e-08	0.06963864297644723	0.022526282257321027	0.04014908164150868	0.010320244675620371	0.03602685023202348	0.01166952213237725	0.68133914	0.1589357883038211	0.8514483655525562	0.10967180072076484	4.422928021375191	1.4573085184914694	3.257553633543746	0.8576598847704153	2.6069767388470044	0.879099472482773	0.8285826113186677	0.08718765338535747	0.050680729246924905	-0.0015974517301696601	0.001039577836852803	0.12597114148487165
Enhancer_Hoffman.flanking.500	215033.0	0.21043423	-7.706607618729322e-08	1.3549863808748341e-07	4.341463188950456e-09	5.885079445988595e-08	2.130109955089665e-08	6.912288341709427e-08	0.012553463936429242	0.027612630970705414	0.02314726125096986	0.012319809884130617	0.029430250931729775	0.015910157473608518	1.7264832	2.5088412756010237	1.1184280088443952	0.18106442395552064	0.6764866654220273	1.5478860918885304	1.58288185198515	0.8726912412390819	1.8083770799948484	0.9638944223367236	1.0883924823072846	0.13044197098899318	0.4987881047791727	0.00048678581604492835	0.0007809849364634701	0.5338028732270206
FetalDHS_Trynka	375724.0	0.27013016	3.301084561257994e-08	1.554387694113757e-07	7.514184119372658e-08	8.058791678422494e-08	6.973176880364917e-08	8.907576187766608e-08	0.10170010010277375	0.04154537273654367	0.07183228135507616	0.021186800923032694	0.06968032296175164	0.019097771369562547	0.8152478	0.21522621904530648	0.9685659684535192	0.11746668732955984	3.259540738997212	1.3224649202579728	2.886566221447408	0.8575804610593396	2.4815852636879265	0.6712144542894675	0.9425550060863604	0.06861769628432747	0.4034986765395283	-0.0027185828730694394	0.003573803659709315	0.44773826530045335
FetalDHS_Trynka.flanking.500	900620.0	0.4006101	1.638159297101538e-08	9.442402415515971e-08	2.4166661560798275e-08	5.2526402782859805e-08	-3.029383677244368e-08	7.292288728422136e-08	0.10871781705677314	0.05670297823574522	0.08707421454932139	0.02636570767686807	0.09480690311792181	0.030539801224676356	0.9744169	0.26043481911057165	1.0210451081891225	0.10690634028831913	1.545258168279093	0.7612878584685211	1.505414864788384	0.45091474252199387	1.4246363664780746	0.48675652307315465	0.9936248118445341	0.05048454847623098	0.8996377916980542	-0.000860497158012348	0.005113250991914071	0.8665278780102033
H3K27ac_Hnisz	1749282.0	0.48091057	-3.321597930039388e-08	2.8255726647330448e-08	-1.2760599688022012e-08	1.9512881976879726e-08	5.5562927592234246e-09	1.849595498981671e-08	0.20333799546448406	0.02115517406264396	0.17742209034643172	0.015187558166285546	0.19792409801840635	0.014153574940630851	1.0420429	0.07070855144017865	1.0531916058085593	0.1100890593198361	1.393145185512645	0.12827483671807632	1.5427605288025272	0.10929420705583913	1.5173476574460447	0.09999669776749427	1.02490801117862	0.04897512462613584	0.6116065469523444	0.0020192599651108825	0.0039341962322222155	0.6083397906227761
H3K27ac_Hnisz.flanking.500	141557.0	0.17250864	2.9603389961607718e-08	1.5517942131282325e-07	-7.152272019084194e-08	1.0061638278102691e-07	-4.102517436876951e-08	1.0356185953241948e-07	0.01661292381160239	0.02187580486116356	0.0025357614726685485	0.014062141906334822	0.006058206767629934	0.015376446481702454	0.93339795	2.4996815145092945	0.9949160541234192	0.14310524374877637	1.1361070124713377	1.8500469618592905	0.25373413174754716	1.5318844458588112	0.545886475983029	1.467247952718995	0.9681974568516132	0.09586008768076279	0.740419627196371	-0.00010525262090831123	0.00018005434544208826	0.5595055471755419
H3K27ac_PGC2	1203137.0	0.44041297	4.272822806683507e-08	5.0256304007234576e-08	3.514114510494437e-08	3.336986154067745e-08	-8.54094306390607e-09	3.423340899644245e-08	0.17957397057758745	0.031131039901185844	0.14291253940109427	0.01904080993589606	0.14530343974572527	0.021021802375071202	0.90702456	0.10029251780242615	0.9596928424426593	0.10573521100939128	1.7696960501059695	0.3015602777710096	1.8153403319375039	0.24762356273526617	1.6182316491075013	0.21987120837300506	0.9339201690039419	0.05963850338441262	0.2691965284937321	-0.005343896105476007	0.005212905016744067	0.30654718480095045
H3K27ac_PGC2.flanking.500	299278.0	0.24629621	6.785894157701478e-08	9.589532368181608e-08	1.1087655593655654e-07	5.646416312288238e-08	4.232128603121055e-08	5.4981615704718934e-08	0.037580119309972654	0.026666789591120284	0.0461536581814081	0.016544401276607314	0.035625927491052256	0.014619320933960844	0.8554291	0.34786061295030646	0.978252388155359	0.13069641642869048	1.3515301516933356	1.0587754931451367	2.386513633678847	0.8295187704362322	1.5893583228482662	0.6569330541178285	0.9519812957541672	0.09322387202797702	0.6070616604611954	-0.0005782300180234071	0.0013192823314642575	0.6616505126341923
H3K4me1_peaks_Trynka	755942.0	0.3705167	-3.2293574037112194e-08	1.0109898340715517e-07	-6.410534325596018e-08	6.408811970004535e-08	-1.1009877454171146e-08	6.789998252543228e-08	0.12835644054598372	0.043316192892455745	0.0898800789166717	0.028210907551995748	0.10703650736848426	0.029775441958058802	0.99653226	0.21509957264186585	1.0231766740307595	0.10858668625619257	2.09454163937566	0.6842423247983085	1.7878212471032537	0.5838644899852475	1.9137160058332985	0.5606189547139018	0.9956991342141767	0.052862782950936014	0.9352381829985403	-0.0007454148116328024	0.004916032860429124	0.8796328989263746
H3K4me1_Trynka	1901300.0	0.49336153	6.321114653928817e-08	5.2943960326956585e-08	3.849045171477883e-08	3.236285550656248e-08	8.142390761634033e-09	3.1241022213635006e-08	0.2946842884137122	0.03546576841845429	0.23186339222511262	0.019736372900742098	0.24832653524905757	0.019944551357487003	0.95001084	0.08110362653538997	0.9748885987348979	0.09906068920159562	1.8702377360334346	0.21816734667669446	1.881889004041857	0.14999389430953783	1.7527251325183872	0.14220681365341054	0.948707841326754	0.06615526305392574	0.4390650597814414	-0.008672042487022448	0.01162725629922003	0.4566457432704105
H3K4me1_Trynka.flanking.500	822959.0	0.3911864	-2.7782059319747532e-08	5.875899589113942e-08	-2.7802276036936746e-08	3.1064757877175e-08	-5.538956671102824e-08	2.9082439567673646e-08	0.02053690826007501	0.0396105822362879	0.015324533808649496	0.02091935139107363	0.018988860615196723	0.020926525480312118	1.0703794	1.5452815633875758	1.031169071755798	0.1602891042309011	0.3319914968591367	0.5775171807306493	0.22638028044326997	0.3876236417310097	0.2997035504941269	0.33698058752796606	1.0034768950809934	0.0989554922599775	0.9720065548929986	-7.563530045049618e-05	0.0008310627291915045	0.9275759191232185
H3K4me3_peaks_Trynka	183910.0	0.19476297	-1.244753722318137e-08	1.8735455853402527e-07	-9.584721283317776e-08	1.0872954447904704e-07	-5.433334848703453e-08	9.689831159676032e-08	0.04177662518523624	0.02628497760465271	0.03173148376036458	0.013932004183126701	0.03008362650644728	0.012452025851465863	0.826263	0.35451493931629285	0.9689312857365849	0.14979310596030168	2.613422211682794	1.6896338097794514	2.500689425415612	1.1652645737188552	2.196338549683098	0.909644971169278	0.9429105127272899	0.11714517505556002	0.6265540708578285	-0.00047151006759953043	0.0010433335696057406	0.6518141365025754
H3K4me3_Trynka	592902.0	0.34344766	-3.3157920853454925e-08	6.998459411988733e-08	7.186940109704665e-08	4.7558316396134614e-08	4.455308300066463e-08	4.1385089133427755e-08	0.1038268814006055	0.02636156258501297	0.10895422995575912	0.015116941023345183	0.09148521859917304	0.01473657196241253	0.86014956	0.13094105428670993	0.9237048495813728	0.1136837538666818	2.0409212742658576	0.5236076898420879	2.795048246069591	0.3898654457523521	2.071368469326516	0.3556651372738272	0.8988986382716925	0.08183464856490229	0.21812528787274443	-0.003330098435343423	0.003197534682159539	0.2989265934763372
H3K4me3_Trynka.flanking.500	549578.0	0.3198382	-3.4876496357583164e-08	6.552489395517114e-08	-1.7141724484304177e-08	4.2137216382798215e-08	5.474729292131997e-08	3.957002903121065e-08	0.03879860370354357	0.03164719989407119	0.029170157295722927	0.01808183919896287	0.0725044460100395	0.017576842742000984	2.155198	1.138090764105153	1.2632393246413718	0.17501848205575574	0.8756722659638025	0.6951471951010821	0.8314996165300629	0.5077591612661937	1.7530768755749424	0.4007546981973683	1.2293148717861624	0.13220669581525646	0.08437468365589629	0.003969986954203197	0.002232988264098566	0.076950520744822
H3K9ac_peaks_Trynka	170068.0	0.1877954	1.649101051270918e-07	2.041709166178407e-07	1.564301470580176e-07	1.3179609936742054e-07	8.586392397091913e-08	1.4735469733295758e-07	0.05684902818666789	0.02537482261373956	0.04909030631411436	0.017014554375992204	0.03927569930484465	0.017832095140840214	0.74347186	0.24510395671142998	0.9402538766420747	0.11047024132670658	4.054338009397732	1.8108519864690524	4.363276076896243	1.5620049988689917	3.130919337319358	1.4192894265755711	0.9150032391042292	0.08020082246371886	0.29052062248479893	-0.001412065261106767	0.0014984817186488042	0.3471659440883186
H3K9ac_Trynka	560178.0	0.32286993	-6.515828232522836e-08	7.826132275567943e-08	-2.6299735722545847e-08	4.4285844325031576e-08	-3.3080020500619867e-08	4.063129210862826e-08	0.10989828461237988	0.022840314003423547	0.09549499507555595	0.01265934028024997	0.08520954564525803	0.01401651453102326	0.8317685	0.11835014779861969	0.8832435918453684	0.10942713163524034	2.3096841395939127	0.49385653950350167	2.621261190737503	0.36780387771613726	2.051544315192989	0.3660605570495613	0.8595239727623173	0.09367910596045444	0.13531709310361806	-0.003634987127550157	0.0026963954682248	0.17916152915325445
H3K9ac_Trynka.flanking.500	469052.0	0.30178878	-5.630591459748757e-08	7.809299518157786e-08	1.0765162983261689e-08	4.351453952722295e-08	3.279940941069981e-08	3.9446891975103426e-08	0.03083145271532886	0.028938189866848242	0.041883102035293225	0.016413330937570744	0.06123390317451159	0.017195837212492654	1.7040232	0.8178019180285305	1.1942631177241114	0.18162440442907019	0.7536330061350992	0.7396100108372211	1.3365093816353983	0.5279077454533642	1.7326163362934641	0.46218466118731566	1.1621910296853313	0.12333579384690012	0.1900110738447962	0.0022409013472839893	0.0018386599102394397	0.22437475528288164
Intron_UCSC	1738214.0	0.48016086	-1.0570227360062745e-08	9.729088645826778e-09	7.968965931581806e-09	7.947754454562528e-09	3.6705631867306465e-09	1.144211836390241e-08	0.15596243818514513	0.015989140349760254	0.13596268011604512	0.00942146080198413	0.15307000772061805	0.012198430220617397	1.0511634	0.06985074053515486	1.07371486044954	0.118446267803363	1.0807367272322652	0.09038383464110011	1.197891591956626	0.06702531012066543	1.1780902585129962	0.07226203020546494	1.0448801112039057	0.06836508445002301	0.5122756045110621	0.0015580719159699573	0.002342747141714016	0.5067809070729425
Intron_UCSC.flanking.500	40736.0	0.09420727	2.4099381334963255e-07	3.089475626438798e-07	-2.1399326755044967e-08	1.865380312437992e-07	-5.950523629394411e-08	1.8451517291850905e-07	0.020051349231753494	0.01047612257049154	0.019250896969728613	0.007167774297419405	0.010588617933180531	0.006510711045071486	0.538942	0.2722413423387489	0.7643830987145145	0.1586815145152124	6.230402915474511	3.0936726886468366	7.292056536785118	2.7071898445450695	3.508923557112135	2.146510176235422	0.7438554933037019	0.14424064319789584	0.07729183146769225	-0.000300367580026192	0.0002467756110290512	0.2249814437849451
PromoterFlanking_Hoffman	36944.0	0.0898118	3.8048355577302573e-07	2.747959229054686e-07	1.7067495150513423e-07	1.507611386841745e-07	1.697432026048773e-07	1.584272553145638e-07	0.021390449463306677	0.00970218170954656	0.013595761588475957	0.005505085493159449	0.010968368399268168	0.005560701174042171	0.6431767	0.3052797152562721	0.7576285161077853	0.22973824404302043	6.936373880083709	3.1033883613308872	5.728566933653041	2.2189779070755637	3.9816737929404793	1.9915565591858686	0.7372823058726363	0.20978611734051542	0.21192593035656393	-0.00019368763858900522	0.00018400026408155892	0.29377851860913884
PromoterFlanking_Hoffman.flanking.500	111317.0	0.15368986	-2.111720220909774e-07	1.4439621054407326e-07	-1.4740543008429086e-07	8.148096952709238e-08	-3.397141057348563e-08	7.908605681450354e-08	-0.003629594093680813	0.013639223562930555	0.0014530725970583122	0.007723666884137963	0.01118902010314385	0.008124971193159379	0.0	34.48372028350828	1.490339073243924	0.4188644641317728	-0.3473574977568926	1.4691932968404324	0.14069805670928234	1.0663990214075296	1.3351308834130913	0.9690704478389913	1.4503158277335029	0.4030064544596659	0.2651743474634054	8.3304994968122e-05	0.00018907191496140665	0.6599811896352232
Promoter_UCSC	205858.0	0.20655587	4.005270071161249e-08	9.474904771877846e-08	-4.668441988542327e-08	4.780147122573908e-08	-9.563856906424917e-08	4.871789016647199e-08	0.04726983099505628	0.015488486104656985	0.026500895858056612	0.007761109394157113	0.019972257213732622	0.008008068440442447	0.56429327	0.18247524231664108	0.7318154846270722	0.13123363670225677	2.8341374493119793	0.8958909829627306	1.9614847223253036	0.5682121917124118	1.2987983373652925	0.5194994838290079	0.7121624866379608	0.11272429632242253	0.011414689733925565	-0.0009187191165351358	0.0005203599282231016	0.07900572092671743
Promoter_UCSC.flanking.500	47216.0	0.10128781	-4.018475578959624e-07	2.589807479580486e-07	4.581304580142387e-08	1.3994309711051756e-07	-7.27627025298716e-08	1.3039034740813804e-07	-0.01291009780047338	0.012285742316578904	0.007719300265419523	0.0065967571348720866	0.0022020787383190497	0.0060601057650816	0.0	0.0	1.2803734314142188	0.508099914304124	-3.188591137392885	3.1604051961208026	2.635051664337303	2.153383805325367	0.6527914015225065	1.7237238385112332	1.2459888399407022	0.4792394690026231	0.6083178353825489	8.876636575919196e-05	0.00011979587061879749	0.45957891434693776
Repressed_Hoffman	2086099.0	0.496643	2.0127695066207707e-08	4.366809136513439e-08	2.974237744979291e-08	1.812193595185363e-08	4.281128340721807e-08	2.6690022636444155e-08	0.14311724164640952	0.04140489033652794	0.06470358585515316	0.024628045157682212	0.11084307266237875	0.025100056589576633	1.1518565	0.22228209847333066	1.0582229478463563	0.11554596730387541	0.8256781360536205	0.23360668544178512	0.4403569594849062	0.18272726856900254	0.7121739780970435	0.17011296803312131	1.0298042358855755	0.06072457988604526	0.6241015712743767	0.00253197593306825	0.004005239621679943	0.52800408929329
Repressed_Hoffman.flanking.500	1168592.0	0.43767193	-2.151485922752272e-08	4.4990734693328704e-08	6.58079670756706e-08	3.255262370771561e-08	4.3277903927219086e-08	3.4648255820002305e-08	0.06490935211538806	0.04332957494877832	0.11272446567790465	0.031192677407161137	0.10150727162376459	0.03379224823488942	1.1866822	0.36347256547321843	1.0436275848429777	0.11443307027631101	0.5998178068317408	0.441367711743174	1.5144620557463708	0.39377648004412424	1.158555659996137	0.36877320225550925	1.0156008332134296	0.04347597984580483	0.7200967114997043	0.002297785281782816	0.0049934045171656834	0.6459008617960134
SuperEnhancer_Hnisz	750889.0	0.37046638	1.8999724460400103e-08	2.685996136619906e-08	-1.352537726262426e-08	1.5508225814642174e-08	-4.2031329527958405e-09	2.021402245588888e-08	0.10430272598819623	0.010941109331431732	0.07908802242011227	0.005563533951509026	0.08832696608758951	0.00844501040964605	0.97250116	0.07675788064371887	0.9659138638276377	0.12469463346077893	1.6972280941955789	0.14857461578168557	1.6228127124751954	0.10878109363767254	1.5768698041470992	0.12346802684460695	0.9399741240677812	0.08317091155762155	0.47131551856183873	-0.0007372411030012495	0.0009998334374236998	0.4617695858869526
SuperEnhancer_Hnisz.flanking.500	14240.0	0.05602407	-6.878664038367788e-08	4.76431637252972e-07	2.4855393121470115e-07	2.79939541769636e-07	2.1203180722295656e-07	3.904496281847969e-07	0.00040238180249875695	0.006977792673874154	0.00447236839965094	0.004198417072235588	0.003990944519599384	0.0058679305497500505	2.9750054	28.13460569681865	1.112098943710159	0.47357948569090336	0.880187005598668	5.908720092164588	4.908837514319527	4.4906929428970255	3.5695431712015235	5.541157990422651	1.082233385022826	0.42779058229695394	0.8477595280515544	-6.802691573834385e-06	3.190047503453974e-05	0.8313523482513383
TFBS_ENCODE	588156.0	0.34287846	-2.0336067052539875e-08	8.197860523750933e-08	2.5329022435016668e-08	5.012181603092358e-08	2.617246153135966e-08	4.63541880435514e-08	0.10097241911962111	0.037975973837478375	0.08754650553412532	0.019659110861124884	0.07743186330005275	0.02026175447639241	0.823567	0.18866547604245548	0.9564404756377348	0.1152516238794055	1.9111330841337626	0.7728045818413918	2.3034919643815543	0.5234128599191629	1.7755256340899797	0.4648812156921248	0.9307551449235426	0.07174337780662317	0.33562902791663984	-0.0032063059956711918	0.0036447476812920677	0.3800797339731188
TFBS_ENCODE.flanking.500	947660.0	0.4082869	-3.700207074075479e-08	6.143385178347671e-08	-3.1648603737721714e-08	4.360256866675627e-08	5.9605000934936925e-09	4.32102140734969e-08	0.06643850025816746	0.04483563654138376	0.05416855580143021	0.030418850522249095	0.10024361589180375	0.029633190347407686	1.6709875	0.6758634282866237	1.1139433938014234	0.12412103284358532	0.9450903736985906	0.5677455300704489	0.8549826022114354	0.48530797951965987	1.4178848538460826	0.41272553301519604	1.084028302172118	0.05500852410747445	0.1282120339278725	0.0060532974524940865	0.004443069835618526	0.17460744471296352
Transcr_Hoffman	1545456.0	0.48085585	2.9772069254363487e-08	3.265203218916213e-08	2.846556235169828e-08	1.7508503091789862e-08	5.343515852018754e-08	2.4828075595451082e-08	0.12251787229136514	0.03480718011201214	0.1395495528401731	0.024016461498926323	0.14223759646155817	0.026336106415445492	1.0878035	0.16263998346584244	1.0498578891647947	0.11763254122883655	0.880529609586599	0.26552969377942814	1.386515781128858	0.22584712855056668	1.2312554761655623	0.20635626922483863	1.0216638219196572	0.05216932475237073	0.678399126594134	0.0023676838447411544	0.005173712891434274	0.6477123207839086
Transcr_Hoffman.flanking.500	1887673.0	0.49272245	2.1688858709012493e-08	3.556418448624754e-08	2.264707976706859e-09	2.186805758697119e-08	2.6094991056879735e-08	2.1957307083653177e-08	0.1585683766993415	0.041990781977706934	0.08485231007599398	0.025852763536386634	0.1279985490247033	0.02640425143743644	1.1034812	0.1982172171843147	1.0503598951537374	0.11736291643492272	1.0845377284945321	0.2558123265097507	0.6723129197706855	0.2113590833565876	0.9076761189568615	0.18602424509612353	1.0221523464738689	0.05700182268215825	0.6979688690323771	0.0022806810233604053	0.005153186115595679	0.6585524797040421
TSS_Hoffman	79109.0	0.13028309	-3.16510693210148e-07	1.7755596104507276e-07	-1.6172265304703615e-07	8.281258345732567e-08	-1.066183514808472e-07	9.348602247882809e-08	0.00630009226008779	0.012089419811070274	0.011591451869465327	0.006886311058736838	0.015393511277650401	0.005880632635934881	1.8013384	2.4171450474116267	1.2575569154679178	0.3395226962892533	0.9972999675016091	1.8360291616389954	2.21375576726072	1.354566913591221	2.578125435596302	0.9759092372258182	1.2237850644343493	0.3107174566705838	0.4722343775757176	0.00014211255011095338	0.00017819444530475125	0.426103195703607
TSS_Hoffman.flanking.500	74182.0	0.12634143	1.9262547823473142e-07	2.215210201939044e-07	9.185914962017705e-08	1.0759872992593955e-07	-5.061885488544249e-08	1.380567908881858e-07	0.029568866886388556	0.013828735778273066	0.0187974380363302	0.0073339762127704895	0.009451296263537285	0.008230882280710812	0.40088952	0.2773490328056569	0.6799723754393161	0.14227967374518866	5.026935332826429	2.2648125825421737	3.982950642910897	1.4953392490707322	1.7709500841136447	1.524431957669359	0.6617116307463144	0.13683324636764338	0.014264973593491215	-0.0005223006263200007	0.000308600048643473	0.09211876283840992
UTR_3_UCSC	49163.0	0.103275865	2.6737026814771525e-07	2.1073606149002444e-07	2.430523977636767e-07	1.343814375331931e-07	5.5343043925404345e-08	1.3308317647897638e-07	0.029568390864110842	0.008190742476134615	0.016816256356841124	0.004345350629457231	0.012214182981344537	0.003973695621609243	0.54775447	0.15808093469821702	0.5703854521029992	0.14273287518225902	7.544677097759549	2.0277471044009805	5.195404559987284	1.3703871541168346	3.2749424489147967	1.1216757394361372	0.5550676781850135	0.1345873873813883	0.00112305238216992	-0.0003757781765477057	0.00017475535059214764	0.032736926529851385
UTR_3_UCSC.flanking.500	67870.0	0.120849736	-1.265404279138238e-07	1.3613781391086377e-07	-1.1891440721001345e-07	6.165938515323433e-08	1.9775681536771117e-08	7.563055959280973e-08	-0.0028642575569363497	0.008434037220012647	-0.0018492941573665465	0.00424794711221186	0.005559841351098204	0.0046511897373010475	0.0	0.0	2.0962270586764467	1.1617305081432632	-0.5108930917464751	1.500739127720134	-0.3774266729212144	0.9615962017052835	1.1365877873398622	0.9184778708133916	2.03993261419652	1.0842234516892482	0.3386472083890504	1.0402567067121146e-05	6.406135896208999e-05	0.8711679001572152
UTR_5_UCSC	23952.0	0.072504215	-1.5746554993256723e-07	2.907300711285643e-07	6.614351377720595e-08	1.4651102731022547e-07	-5.443593309450989e-08	1.3234532048045367e-07	0.006054010377499634	0.007030692717419287	0.007317811121467192	0.0029044988775898616	0.00389657473805029	0.003003687846471499	0.5854244	0.5185462639286714	0.7429553093051277	0.3083706180324336	3.0794182516350093	3.5400258664754474	4.807748124404056	1.889874765800189	2.2362573598514666	1.6862777345153614	0.7230031499063496	0.2875003032496094	0.3364828784762044	-3.7560323470619044e-05	5.415593239305176e-05	0.4887676758473114
UTR_5_UCSC.flanking.500	94706.0	0.14202163	1.9424308561610815e-07	1.4221267008451832e-07	2.4635408379936052e-08	6.472674130009182e-08	9.253734134517799e-08	7.9416658138598e-08	0.027177490601133773	0.012108521815596194	0.011900788045899828	0.005346534232741758	0.01587865967109857	0.006214712355027194	0.8829199	0.30704743054315603	0.9272904396997523	0.19826977105103247	3.5961118325785377	1.5135134172875022	1.955916224110528	0.8770963309679974	2.2475491169351476	0.8988378297256432	0.9023879369110496	0.18521592682169408	0.5987683286144225	-0.00010211768575510012	0.00020139743972329938	0.6126842244943513
WeakEnhancer_Hoffman	93561.0	0.14114772	-3.6999616703781157e-09	1.9611083246218186e-07	7.980026595078016e-08	9.643336085218834e-08	7.718783479049307e-08	1.0515893222873274e-07	0.01227662257642554	0.01789901518453967	0.01793695708714172	0.008060346181437554	0.0172542259689129	0.00885714608351487	1.1627374	0.9159595059496627	1.0549712082294131	0.2179324482909248	1.630251346011268	2.3024694731777298	2.931768178309253	1.3165213706219154	2.4640019029607103	1.2474413016993624	1.0266398221499444	0.17869407203530885	0.8816409916462318	4.228230247969563e-05	0.000332550967875806	0.8989537565574408
WeakEnhancer_Hoffman.flanking.500	305131.0	0.24891211	1.7082521708289278e-07	9.457148308911201e-08	5.215466813979219e-08	5.5986085101267236e-08	5.9432093024724963e-08	6.690529374964171e-08	0.08393632867556716	0.02557940611217284	0.04374856803818888	0.013955456572261457	0.05222841366296581	0.017946472430885235	0.8618862	0.22135332818744138	0.9418133533080832	0.14052387505867628	3.206912100854897	0.998210646230087	2.207618875194347	0.6992083585084391	2.275180002870211	0.749495945559128	0.9165208358258734	0.10299232746282591	0.4185994636249726	-0.0011853287044970022	0.0015241191640842718	0.43766128966438056
GERP.NS	7810406.0	1.5449513	2.1205597278139976e-08	1.2514954406128709e-08	1.9559085018272526e-08	7.679592073372987e-09	2.1952327955432338e-08	1.0383910620248571e-08	1.246245124659534	0.09880524655489728	1.0120068936697504	0.05904322723582665	1.0347008319655193	0.07122409336183598	0.92134297	0.0508657088064596	0.9795539177230261	0.0910358433015296	1.924763470955391	0.12548808057802813	1.9898795817970563	0.10070162558600271	1.776032866378694	0.09385073286044013	0.953247872579629	0.020024696210363728	0.02055480046290592	-0.22824702919448248	0.10593132585108866	0.03238914234291235
GERP.RSsup4	35556.0	0.08812781	-5.02245427469461e-07	4.817578087568108e-07	-7.694185200080028e-08	3.311527336791187e-07	-1.9111008953132114e-07	2.7896328447241103e-07	0.008337925562147913	0.015270998860575083	0.018256697907069974	0.010663196797486944	0.009526782635143949	0.009316698643975267	0.7721579	0.645684927828892	0.955655504522373	0.15531233912445183	3.052554927738364	5.196950941508293	7.897764569369059	4.599161019817044	3.67428200049612	3.592697993247283	0.9299912543073993	0.11686007609685296	0.549799718025525	-7.164235932868482e-05	0.00025251459707889773	0.7769232102566612
MAFbin1	247909.0	0.22364597	-8.824496688930594e-09	5.142568326732544e-08	-1.0242169334873097e-09	2.517162656090477e-08	2.8764272741454988e-08	2.6785192730471863e-08	0.019752823235139886	0.010045405736568359	0.012829012825255531	0.0043517176389273405	0.02161537122951098	0.004553915283260148	1.357849	0.38462686478310476	1.2799602167656676	0.3023179960490047	0.8830728133390249	0.4729146338475466	0.7453811977244527	0.25954396636161137	1.1622086323948948	0.23388673615764743	1.2455867222241341	0.25238474658844506	0.33170237615350073	0.0001891833886182239	0.00017213954722119474	0.27309076090663376
MAFbin2	298167.0	0.24565636	-5.640326872224932e-09	4.402028253025492e-08	2.487354855418289e-08	2.2064737592586425e-08	1.1267093924516303e-08	2.2818618106157373e-08	0.025301193681215972	0.010539942170312733	0.023825421229908456	0.0050944719155303336	0.021709834480462587	0.0044921884408359695	0.884231	0.2485950334060214	0.9099338459113187	0.23176447667858724	0.9791054357839155	0.4116856793174868	1.2020369845343795	0.24237359140995465	0.9720945151751468	0.19248446501281266	0.8854974566580459	0.1952222434797723	0.558188127344625	-0.0001634307717906057	0.0002988873566269972	0.5851306658514479
MAFbin3	364670.0	0.26623893	-1.3339071180951123e-08	3.3329850879226797e-08	4.392262109575995e-09	1.6921172019124242e-08	2.362694395685594e-08	1.8521205902288784e-08	0.027245551556619885	0.009304402882328401	0.02104980941308047	0.00474919019622006	0.030923114081021656	0.004531211048500716	1.291253	0.24616841464003025	1.3199563148201243	0.2778188221207067	0.8741574932324395	0.2976037678352835	0.8849207094711441	0.19642851698713418	1.1370573864215086	0.1619092232062451	1.2845087199744178	0.23411969731171065	0.2257191049438323	0.00035502631403461465	0.0002463090980817352	0.1510475965274991
MAFbin4	417808.0	0.2882802	-6.406307484496665e-09	3.345021681866456e-08	2.2747967065583907e-08	2.115574204708537e-08	2.327981896144138e-08	2.0319301796689615e-08	0.034672005741999745	0.010186997031596307	0.03201763590735593	0.006758765646589866	0.035947213584145446	0.005808299032702468	1.0788999	0.1575086649017141	1.0815016132980382	0.16051638562651516	0.9834054182815251	0.2850664826375852	1.1609811243497807	0.23900430346136825	1.1500978326018978	0.18021084207690352	1.0524577498135173	0.12555924333083962	0.6765490470281956	0.00013691255527635972	0.0003261499444666512	0.6750960481296211
MAFbin5	456890.0	0.29845744	-8.235234716380546e-09	3.5569001965995994e-08	4.378248874559176e-09	1.705866203849382e-08	1.4037818019119186e-08	1.888860090559774e-08	0.037089726002859265	0.01046733780389341	0.02676181675276488	0.00496861211449313	0.03514267781114447	0.0049454546699002335	1.1154504	0.1721727193303451	1.1320480060018412	0.197248120391203	0.97988381375847	0.26906808947287625	0.8948466311924065	0.1608120591860549	1.0295420611805992	0.14848285387808935	1.1016467127074403	0.170166607679886	0.5509618578419975	0.0002076258105886456	0.0003208552800726881	0.5183122310323538
MAFbin6	499386.0	0.30784136	7.569178173127966e-09	3.149957450432339e-08	1.3887666128198362e-08	1.6417819992398108e-08	-1.7229740967295015e-09	1.832422391601085e-08	0.04861336978566362	0.01032580066308911	0.034227818207122854	0.00497743696352249	0.031030799792473265	0.004764750453244502	0.76072115	0.10983372538029412	0.7508906289498156	0.12701107658376656	1.1927240404666748	0.24330916375005252	1.0497758751410222	0.1464762811596048	0.8308241621042408	0.12571238226409254	0.7307253655319289	0.11532514772035043	0.02054446637057228	-0.0007602860324948512	0.0004129471434975745	0.06709239563877323
MAFbin7	530017.0	0.31491363	-7.230893217524681e-09	2.853970038074749e-08	9.531001765594738e-09	1.6858402673847195e-08	7.05904978914873e-09	1.8498477416528658e-08	0.0435122701080764	0.00972380118288628	0.03375687391801825	0.00577655327062392	0.037389944096763196	0.005186613932042864	0.9755911	0.14536710822826052	0.9829072992141767	0.17996847330394256	0.9977590031423349	0.20687912691248625	0.9840780638101806	0.16528572173296893	0.9439216099472164	0.1227761863004542	0.956511198583998	0.1445269067453885	0.7638014478879933	-0.00012510247083557277	0.0004048507708569654	0.7576380723432619
MAFbin8	556850.0	0.32054463	-6.917202810541312e-09	3.101134282701423e-08	2.227595707893215e-08	1.7431904808518084e-08	1.6800498769953265e-08	1.8889410924316508e-08	0.04550652998705383	0.009230717211191234	0.04240171118454618	0.005686136909270196	0.044448793936492356	0.005651973159071737	1.0118856	0.1284999258388521	1.021340518585584	0.1691473958568392	0.9976512676493847	0.19781950774737028	1.1749401187284494	0.15823455452127153	1.0675552502523429	0.12031772881590264	0.9939122889571971	0.13812058485215623	0.9648885480676161	-1.6617730206744917e-05	0.00047192088290941026	0.9719452255342249
MAFbin9	573717.0	0.34126508	-1.989989151240934e-08	2.9322558603439575e-08	-6.605876401444277e-10	1.6765602239843247e-08	5.446549877774487e-09	1.8678955271411724e-08	0.039793195169476187	0.009379120854608444	0.030734692254147458	0.005116292261611718	0.03965544630672064	0.006033608230161607	1.1339241	0.1665302807457428	1.1680364114330026	0.22255346753440886	0.852536837982008	0.19493668041118603	0.8346060803491453	0.13437399176905526	0.9238109445410383	0.11585511540501395	1.136668644929948	0.19081076539932432	0.4746752708951396	0.0002960141834016795	0.0003868759913532187	0.4450948122996412
MAFbin10	563818.0	0.33893767	5.008509607051792e-09	2.8023269038612852e-08	1.0457467780611296e-08	1.640715296957751e-08	5.609684272656068e-09	1.6142980285849262e-08	0.05350039530600611	0.009364219735095864	0.036798366149235595	0.005397768709402827	0.039280143053343694	0.005251960137236741	0.8852793	0.11875033681879113	0.870913499822892	0.1593970502853347	1.1562101741426851	0.19958764848366964	1.0118781671835415	0.15025919394039589	0.9329887547920923	0.1195715269359668	0.8475250069305456	0.12365936866591516	0.21902130351415083	-0.00048612199546100047	0.00043957660238222104	0.2701106329506535
MAF_Adj_Predicted_Allele_Age	274071.56	0.92236537	5.519352530569677e-09	1.0425957874815595e-08	6.937364016579295e-10	6.248616735149426e-09	-6.046468215004097e-09	5.949220671652711e-09	-0.01228324282880524	0.03184417986110254	-0.02672965742612563	0.019081825412165902	-0.03631253983402897	0.016614767422180435	0.0	0.0	0.9346535509052754	0.12337492395112161	-0.2667345843953546	1.3894284564021357	-1.3540215607174042	1.0641679225650549	-1.7603902394134467	0.7996422857322313	0.9095533108279314	0.10244506439527258	0.3783664341178641	0.0009532196986709603	0.0011073453333498504	0.3903757863806576
MAF_Adj_LLD_AFR	209708.28	0.9728921	-1.0059804544937379e-08	6.706583732807303e-09	-1.18104210855563e-08	4.262804775834184e-09	-1.636787771985837e-08	5.561803906317664e-09	-0.08253322902802714	0.020441586586228012	-0.08222184725948518	0.010058318915321097	-0.10474169565450098	0.015485681262627898	0.0	0.0	0.3219182753579293	0.2684681044718052	-4.789559488844418	1.0389369550735699	-6.241881529811506	0.6639679656018445	-6.713028144729736	0.8395676726139307	0.31327311909768474	0.2688607455740267	0.01139106655857125	0.003819412444752402	0.0023751295428483315	0.10940172480146915
Recomb_Rate_10kb	7038953.5	2.4424129	-7.123781120554895e-09	3.256968472697963e-09	-5.0827941855402514e-09	1.7919584704984004e-09	-3.618590316278869e-09	1.9763894965052486e-09	0.5299766726241754	0.09777384205379616	0.42371150535839297	0.04453341341469143	0.5616667520093783	0.055959836242616544	1.1852643	0.13896821213570576	1.078239632162076	0.11738462904479377	0.9113968963577471	0.13603097762506342	0.9306658140255172	0.08435488083241484	1.06920346772644	0.08947117220629269	1.049283369596164	0.030524985263249385	0.1079979179205992	0.08278212478624086	0.05120803940609948	0.10755211933483122
Nucleotide_Diversity_10kb	20905378.0	2.3653805	1.1688426893030623e-09	1.8876438190318368e-09	-9.526153199601595e-10	1.6063134156141246e-09	7.973062765564976e-10	2.1178672149346767e-09	1.4966608279659002	0.11088290783904464	1.1304784230975438	0.06351024486163652	1.3861253498725037	0.08740850160047843	1.065638	0.061808047328349276	1.0436059960091908	0.10279126198431261	0.8568772167032065	0.022472596040271905	0.8260057698666784	0.024934798908215053	0.8857435753530759	0.03027947865518589	1.015579824150522	0.011524732663277934	0.17795463849537918	0.1777084463606302	0.09423466141816464	0.06077767138568557
Backgrd_Selection_Stat	788874.75	0.18084158	6.426795540193098e-09	2.6711886036423493e-08	1.3147585242734294e-08	2.349655758848712e-08	1.797650917012561e-08	2.2081593442635494e-08	0.07769880684401093	0.00448557929842394	0.06413870655769488	0.002765778735658932	0.06610432026507049	0.003470419193402686	0.9364025	0.04138304164300348	0.8889300299354519	0.07807580108805443	1.1822259029272157	0.0470877883983928	1.2374537458708723	0.03465581859391527	1.1212187646852572	0.03774404759754954	0.8650577008336908	0.04235864736244996	0.0016765882767288964	-0.000759472866701456	0.000269207322214121	0.0052702043975974
CpG_Content_50kb	45283.953	0.0054202997	2.693501301109791e-06	1.590739884704817e-06	8.780851317169436e-07	8.634119126327278e-07	8.200589149964799e-07	1.237701553691295e-06	0.004208643395100962	0.00028047680496978006	0.003323125707610055	0.00015072245594592758	0.0037292698190893167	0.00018620702543187563	0.99719334	0.049566217749108715	0.9930620159526974	0.09880183794681033	1.12238071962323	0.0257845235298602	1.1261093004697238	0.02115386408805447	1.10147084785418	0.02217723792579863	0.9663932091119581	0.030780559483323967	0.2762328800320111	-4.854615072553661e-07	4.5357448469885244e-07	0.2857799970422592
MAF_Adj_ASMC	-8537.54	0.97532564	-2.5017806493110584e-08	9.258873667761236e-09	-1.071211386260984e-08	5.417150283903993e-09	-4.0477110552217255e-09	6.556451381811712e-09	-0.15548542886452152	0.028365370372434022	-0.11265197883175962	0.017258366203037882	-0.08245942564284316	0.020847364507958425	0.0	0.0	2.406592527280288	0.7254722096742253	227.08285961735194	40.45424014608661	207.63358416918928	30.690081048175124	129.65823388050975	34.53849097562527	2.3419631786360022	0.6333285205453102	0.035338582300853405	-0.011405754079060137	0.0035584465338538754	0.0015719926925443772
GTEx_eQTL_MaxCPP	50602.8	0.08025501	-2.001391123940266e-07	2.4069737492027343e-07	1.2820702011140384e-07	1.4051424557237624e-07	1.8318101524528174e-07	1.5928513619201112e-07	0.0010337663934433293	0.006702662593781658	0.009111538477515675	0.003990040733542792	0.010621328204073176	0.004604785456819984	3.4607623	19.717339993375578	1.6275879418405936	0.6597079587125754	0.4916253899768288	1.597748178183072	2.858960010576627	1.2086831634110184	2.8060107515963124	1.187940733222666	1.5838788604942273	0.6253213015510766	0.35157672424470543	9.076071491707323e-05	8.774329277306944e-05	0.302209630593427
BLUEPRINT_H3K27acQTL_MaxCPP	78414.21	0.09214176	-6.39215329556464e-08	1.97734806306471e-07	-2.0565839520259033e-07	1.1095416141415626e-07	-1.250606374014751e-07	1.3014775390729483e-07	0.009226942447142774	0.0063340863806921445	0.0017819994126385755	0.0036512215782764346	0.004271725859273263	0.0043562549870391105	1.0534664	1.2101504520448634	0.910897814524372	0.44716901417135846	1.5104417104699648	0.9722032922511004	0.43283825913910956	0.7180676619590572	0.7229319250318467	0.7405829362953946	0.8864355377712966	0.4253268211261897	0.789741669734068	-1.0971341402624994e-05	3.586693497274936e-05	0.7600080620431637
BLUEPRINT_H3K4me1QTL_MaxCPP	65208.02	0.08251235	-2.499803386513122e-08	2.3465176468562277e-07	4.370209438775419e-08	1.2360415269085934e-07	-6.722648748791471e-08	1.4396526637483475e-07	0.008444579148856397	0.006501087869525125	0.007047144400112184	0.003319461732004736	0.004685582740915952	0.0037571305291322207	0.6073905	0.3608845319249701	0.7127459301225265	0.2683364115529286	1.6204197784514873	1.2009302538354698	1.6897082982647593	0.7883823491933856	0.9713890579978468	0.7834574165353602	0.6936050474469112	0.24742382683627942	0.21704866026807212	-4.353042172097451e-05	4.838569712087664e-05	0.36939137441726944
BLUEPRINT_DNA_methylation_MaxCPP	150024.8	0.12848674	2.348753156411476e-07	1.5022543209397554e-07	1.3675141019575676e-07	6.084204073886212e-08	1.2648708036522294e-07	7.12213932274608e-08	0.03456446081862487	0.010674819305655003	0.023573781795768155	0.00424722722634782	0.023468230979696227	0.005123274524782252	0.8221496	0.16479177422081503	0.84902699313459	0.1671851735039945	2.671290453952195	0.8294882663023253	2.4050249212392307	0.4205177483895758	2.0872640063522563	0.43203801443538664	0.8262262651651914	0.14727906396676094	0.2394507804251682	-0.00029672801318346464	0.0002882302329286664	0.3045025767631695
synonymous	13669.0	0.054894924	-1.1028899962184369e-06	5.939076572758495e-07	4.956074235451524e-07	3.2138814276549965e-07	-3.4948666893797053e-07	3.158112633627752e-07	-0.001954859986259602	0.007474959440161137	0.012352816997723946	0.004669389019619429	0.0009129545644976588	0.003589465621315183	0.0	0.0	0.7192434657316391	0.30161219922961485	-0.592547749617464	6.584228628302161	13.926994648154873	5.19296846071336	0.9106567409157809	3.5139844827236364	0.6999280909101994	0.2814432163605025	0.28762964573246363	2.0545802735292186e-05	9.105756282902632e-05	0.8217166224145753
non_synonymous	11596.0	0.05058093	1.3421515632217051e-07	5.263114530862367e-07	3.3116495501417376e-07	2.9008444357714325e-07	4.5391178105091967e-07	2.7666698088069097e-07	0.010104985216865581	0.004854259313109587	0.006651453705047362	0.002846864408862496	0.008779440981046665	0.002871303343094277	1.0708798	0.3417170272144763	1.0668957121661728	0.37203927178161333	11.019566764377348	5.087656321518011	9.125577501628806	3.8000323332299417	10.317141447423428	3.3371944211635323	1.0382440920156668	0.3509453546900871	0.9133325269711188	3.343480703723868e-06	4.547071622738382e-05	0.9414578967604079
Conserved_Vertebrate_phastCons46way	128749.0	0.1645919	9.993232019667175e-09	2.1859781895727792e-07	-6.076393788134737e-08	9.77355867348706e-08	-2.985051850146192e-08	1.030656875400382e-07	0.06163741137667639	0.021076679095049143	0.05693580858231267	0.014931964014109244	0.0366214059963957	0.013592570312454921	0.6181873	0.1772449833054626	0.8601081610633394	0.11407016291627789	5.445490690636303	1.931890940470235	6.696753553174072	1.7490250192284142	3.8433777596698357	1.478839612905	0.837009846918743	0.07615218567903297	0.03354588747499654	-0.0023266971676767375	0.0013523811943647684	0.08690607587163113
Conserved_Vertebrate_phastCons46way.flanking.500	1694922.0	0.47724074	1.262321376316322e-07	9.10209152493735e-08	1.3522527098075443e-08	4.2784876086443546e-08	6.455992007659006e-08	5.026159755061599e-08	0.23743839554986843	0.0366816449282836	0.1482214468559556	0.02370524427828866	0.1909421254407813	0.03308788314746785	1.0178195	0.12993212162670303	1.0253964934052024	0.11446076605871613	1.8366138148491784	0.25699692508275834	1.3419661572047163	0.206779963201404	1.5074107305310822	0.23301525955437047	0.9978593400567682	0.05541512141607161	0.9692244858343895	-0.0004241377421426093	0.008211738240232944	0.9588592449280915
Conserved_Mammal_phastCons46way	93390.0	0.14116146	5.305051899995306e-07	4.578799348564644e-07	1.8595176243252354e-07	3.384018327778904e-07	2.2628012175118783e-07	2.4338169168913737e-07	0.06756017161720945	0.0217441326573986	0.06068142059846467	0.015975621180201342	0.04021113954315514	0.012291447384566792	0.6280195	0.14648261838066448	0.8717137722965735	0.10990381878217448	8.96185755545515	2.7352946471308677	9.797527274232916	2.582987009623733	5.8169733586147325	1.8368460263545139	0.8483037879850834	0.06371852953121	0.018222412583504877	-0.0026184917997995744	0.0014719271904819955	0.0767736927130791
Conserved_Mammal_phastCons46way.flanking.500	1425901.0	0.4668032	-1.261232114302402e-07	9.937168954365916e-08	-4.911638029625465e-08	4.6754298210771594e-08	-9.923844856984942e-08	6.346664349621278e-08	0.17764102239238422	0.032979233834112755	0.12576597181550794	0.02082478840219949	0.1504498724115062	0.026587496878627624	1.0065576	0.14791265591277744	1.0210557734492391	0.12353456942753951	1.4979575948902992	0.2862540060681329	1.342418092576862	0.2137424604063859	1.4122959701563738	0.22712267175183848	0.9936351906877328	0.07319865316700208	0.9307966618340333	-0.0007975559000088853	0.006195407381071313	0.897698611392695
Conserved_Primate_phastCons46way	83593.0	0.13376717	3.571582851691346e-07	3.354321904680546e-07	6.709593662890256e-07	1.9614827806435642e-07	4.7072620645849383e-07	1.4214219845598564e-07	0.05750160469852479	0.022048072034122446	0.0725141178094893	0.012590389402106985	0.045551311389197754	0.011513644099800095	0.705423	0.14202723003854636	0.8402556636458707	0.11596079709963648	8.382391541823884	3.195271726080976	13.172566878794987	2.3555253092904196	7.366032065571867	1.9850464241084134	0.8176904908463541	0.08095299179186426	0.025411844950531393	-0.002209820080499995	0.0015195916984022766	0.14746079926870603
Conserved_Primate_phastCons46way.flanking.500	701609.0	0.36348316	9.51318384068145e-08	9.411493806510407e-08	1.4397599557014473e-07	5.1011369350817404e-08	1.9866655520672794e-07	6.108398054038844e-08	0.14058470817953592	0.04373398772383627	0.12037399950075295	0.022328011866491203	0.15587082025936783	0.03032867494961696	1.1982003	0.1627833650150153	1.0992991230942168	0.1156759022946126	2.4514819822549607	0.7280931453120492	2.6261133037634528	0.4748036834872063	2.965919340089075	0.5167473230205347	1.0697773052187558	0.056780568363434376	0.22056271758988455	0.006537495728036809	0.005399515365742813	0.22742492397813918
BivFlnk	59628.0	0.1135082	1.9152430752455984e-07	2.518060568945657e-07	4.2424238699823036e-07	1.1679195921487917e-07	2.3840480878334347e-07	1.2878724930942553e-07	0.02644015375048137	0.01455064822543826	0.03506026941267541	0.006533296179670127	0.024708221220650348	0.00795621440694728	0.8115249	0.2131893267836342	0.8802907647611226	0.14708031991241205	5.630602489844217	2.9159651801761766	9.013132457016095	1.6743406636017852	5.635212107046845	1.8899942712891304	0.8566504442252707	0.13402263221757746	0.28609856925539257	-0.00036247157050722735	0.0004664125406953992	0.4379943003808622
BivFlnk.flanking.500	78744.0	0.12999739	1.9172293264091422e-07	2.4794283604023803e-07	-7.163772153262471e-08	1.0883193368727007e-07	-2.4166594059238378e-08	1.9651005800369603e-07	0.02373052436187155	0.018454938187241973	0.00281162038645415	0.008245635135600027	0.008604890428412964	0.014764066205189653	1.0534486	1.4487074247037333	0.9665438617727343	0.1741773051870378	3.552541129399912	2.8172867871590968	0.5167890049148014	1.610531890752453	1.397526055147803	2.5290522345600284	0.9405872033378728	0.12207149595024655	0.6270030725981481	-0.0001070325102649404	0.00014116289332507696	0.44921637676573534
Human_Promoter_Villar	67400.0	0.120433256	-4.381883300652589e-08	2.0045521864631155e-07	7.127413681473627e-08	8.544589036318939e-08	1.1733846783101853e-08	1.0459241650551121e-07	0.018197846309481003	0.008969290129052149	0.020896568541746968	0.00593186846481822	0.023227725352811777	0.005440486120026248	1.19113	0.3090325280288797	1.1533818041576178	0.22367362595934295	3.4209993809877495	1.5905789450278296	4.814696036164987	1.3508366054849161	4.655424737485083	1.0837501224264134	1.1224075889982617	0.20883008189889216	0.5584330571649576	0.00014302971223358518	0.00021044258184426027	0.4975086757156082
Human_Promoter_Villar.flanking.500	15887.0	0.059152782	-1.4102680268024415e-07	4.3152337525498297e-07	-5.251363859315461e-07	2.701698633700289e-07	-3.877209451275121e-07	2.3258967019046395e-07	0.0015450542765817778	0.00694933548006346	-0.0025283107676788517	0.004123095014405169	-0.003582292025281878	0.0036021296331538726	0.0	0.0	0.673798941546516	0.44494764532755177	1.9574752451929331	5.272813867430391	-2.203761658769211	3.977833030262257	-3.0393083245815573	3.0157501898833177	0.6557039852064938	0.42635975593239517	0.420328445566335	1.2375225221853111e-05	2.925093330385454e-05	0.672700210992192
Human_Enhancer_Villar	150418.0	0.17763007	-7.039995608693062e-08	9.116985921764353e-08	-1.1759062346072824e-07	4.639027650910066e-08	-6.58669065956019e-08	4.796395458583902e-08	0.02700450065453776	0.011713205222580026	0.014990607373973234	0.006207017073018533	0.02051567337809469	0.009056440249582106	1.0196663	0.277775310740011	1.012728926390942	0.19468505403254768	2.164609482985423	0.931542156183481	1.5227095283425904	0.6240692908866051	1.8131245024927383	0.7846278359442641	0.9855319621670725	0.17015322491060267	0.9323234480332265	-4.09532823450713e-05	0.0002170770647513999	0.8505532812146064
Human_Enhancer_Villar.flanking.500	43891.0	0.09771591	-1.225967736218081e-07	2.5574254891580495e-07	6.104052374666935e-08	1.324204106367688e-07	-1.3837758672252676e-07	1.2042137598200497e-07	-0.001041291670695721	0.010566999145828267	0.00911773160232599	0.006207747926948549	0.000343669327574749	0.004558959638234939	0.0	4.023078394173544	0.8306614602048061	0.27443265750322127	-0.08149258398661152	2.900498170194145	3.2281029670109644	2.164021160585865	0.12699764432019225	1.3915618391198397	0.8083539409599018	0.23751600662131173	0.42070099004316086	-2.8993148172608974e-06	9.832921863760876e-05	0.976506700672491
Ancient_Sequence_Age_Human_Promoter	18074.0	0.06306354	7.129598884603183e-07	5.998503525006527e-07	2.491372868007602e-07	2.974929600441101e-07	5.281747235130752e-07	3.5297443901072256e-07	0.01814262044991915	0.009052889338992377	0.011180496193098754	0.004435093637977429	0.012688036954498175	0.004859748827457706	0.8908691	0.2637805723578569	0.9242950251908116	0.20819911042535974	12.667582604663185	6.044648532625327	9.642700069019092	3.8656018026450956	9.47644970755015	3.6906415628078793	0.8994729646400191	0.1977772265796082	0.6118170441934057	-5.822816719497226e-05	0.0001101836662170174	0.5977657740125086
Ancient_Sequence_Age_Human_Promoter.flanking.500	23496.0	0.07181354	-2.8469850121837226e-07	4.201591252694925e-07	2.7817947056973935e-08	2.3958085648700944e-07	3.5802946740659536e-07	2.3679704952428438e-07	-0.002713120565596653	0.008307521295401616	0.004855187004854411	0.004907891379815522	0.009089604147180026	0.004491730845754626	0.0	0.0	1.7754833841482045	0.7261144538113432	-1.1202218136449071	4.268745293870379	3.33460253361021	3.195810447097677	5.175019356594612	2.5427222061800445	1.7278025518737317	0.6843222893229796	0.28882702608993793	8.271875617264627e-05	8.330138095478853e-05	0.3219130061946933
Ancient_Sequence_Age_Human_Enhancer	22927.0	0.0709535	1.2812143950213795e-06	4.974672833668592e-07	3.4915632340926095e-07	2.938385534889676e-07	6.377605927809782e-07	4.1256643612541666e-07	0.03222989150854571	0.010495749575036318	0.010887937015550533	0.006869789276384296	0.01623073825729887	0.008396920417539647	0.8664351	0.3093133398046786	0.8952070338529711	0.17334229232871232	17.468162970027105	5.4528389114374125	7.383301221301984	4.649915764691275	9.387202154187941	4.7759996815942305	0.8711661350120339	0.15401393157591675	0.40387261256973606	-0.00013281734883079067	0.00021046330784834334	0.5287180646704539
Ancient_Sequence_Age_Human_Enhancer.flanking.500	40527.0	0.093967415	-5.5532392906343375e-08	2.847063171884656e-07	3.1090380048226507e-07	3.133123698262352e-07	2.440522735014383e-07	2.086785286792292e-07	-0.0017181679282503234	0.00978192042844097	0.013776925264578688	0.011389855612976951	0.009781556920835089	0.007020405011546226	0.0	9.241289410491538	1.0739761423754393	0.16685502129419535	-0.4453357326395072	2.9084668528306996	5.175762137779909	4.291030412776559	3.2402469554257562	2.2985240852724105	1.0451343763704277	0.11008033526921765	0.6822374100823827	0.00011047919178999266	0.00015953510312939777	0.4894262327659389
Human_Enhancer_Villar_Species_Enhancer_Count	299759.0	0.5660099	-4.874040016034087e-08	2.6432791955244284e-08	-9.621540897342129e-09	1.3605516713255383e-08	-3.177639484874817e-08	2.2946913702526217e-08	0.026517448473575053	0.02454813002598311	0.030407559581335085	0.011510216700878824	0.023301860726427648	0.016217833946005428	0.8206046	0.561959450944709	0.9641730718095535	0.168383928302204	1.0732533888405034	0.9797563008426071	1.58082233761911	0.5949550230468464	1.0432799395664067	0.7266794516280923	0.9382800812409202	0.14680413538356193	0.674629681516286	-0.0005025628471038511	0.0008777612762485024	0.5675952326261267
Human_Promoter_Villar_ExAC	10784.0	0.048784982	4.0954245150714996e-07	5.815410872855864e-07	3.262821337557398e-07	3.469545504231064e-07	2.4392628006353334e-07	4.2340369077464857e-07	0.007778625670165764	0.005747131068957292	0.007019108020836587	0.0035162601069562015	0.006936475039243872	0.004090895133708603	0.9387424	0.38510365037758737	0.9621890737219556	0.28491606958101495	9.210532008550361	6.417858687644978	10.187499834469012	5.001692019817339	8.656206248471074	5.058625057177891	0.9363493636744988	0.27816166323451275	0.8192391003071999	-9.69932395265696e-06	3.6384993747493544e-05	0.7900725480893347
Human_Promoter_Villar_ExAC.flanking.500	2496.0	0.023514062	1.0541567689870135e-06	1.5837964610909694e-06	1.5778895203766297e-06	1.0536110721659497e-06	5.842546713097363e-08	8.309380064019933e-07	0.002493979044574196	0.0038534413387943363	0.0030262975334385536	0.002509785849974504	-0.00030482101168612715	0.001987097591768017	-0.11095393	0.7192762202783428	0.40092860472838576	0.28106896809145304	13.967572263787526	18.676057486095942	18.9162678400754	15.4768690513883	-1.5620931345902829	10.648196785281897	0.3901616160160336	0.26441859579330124	0.022121561189095917	-7.831640980540248e-06	1.676752578669023e-05	0.6409593911468257
