ANNOT	NSNP	STD	TAU1	TAU1_SE	TAU2	TAU2_SE	THETA	THETA_SE	HSQ1	HSQ1_SE	HSQ2	HSQ2_SE	GCOV	GCOV_SE	GCOR	GCOR_SE	GCORSQ	GCORSQ_SE	HSQ1_ENRICHMENT	HSQ1_ENRICHMENT_SE	HSQ2_ENRICHMENT	HSQ2_ENRICHMENT_SE	GCOV_ENRICHMENT	GCOV_ENRICHMENT_SE	GCORSQ_ENRICHMENT	GCORSQ_ENRICHMENT_SE	GCORSQ_ENRICHMENT_P	GCOVSQ_DIFF	GCOVSQ_DIFF_SE	GCOVSQ_DIFF_P
base	4509232.0	0.0	-3.109829904701655e-08	5.099536082298073e-08	-5.159803961873877e-08	3.032936035651801e-08	-8.5744424893619e-08	3.719188512718574e-08	0.3759468382162061	0.024134807727184453	0.2950722365494789	0.013222361958807301	0.33741272115550136	0.017224705037692738	1.0130575	0.04908120540270924	1.0243012177689068	0.09927215342053325	1.0000140454053654	4.1301695992889414e-07	0.999993756948204	5.533449713291223e-07	1.0000011799169215	4.786853965380206e-07	1.0	0.0	1.0	0.0	0.0	1.0
Coding_UCSC	62165.0	0.11584443	1.2909679014683206e-07	3.03312418736823e-07	-2.0172888071101625e-07	1.5427555410951754e-07	1.519742376387967e-08	1.590907743320713e-07	0.03230379816718128	0.011790562522057568	0.02873182925142298	0.006629223391988237	0.020398002704834575	0.006000616812376276	0.66954416	0.16654437989304313	0.7475610533703378	0.14776357878262453	6.613790336998873	2.2943164556221927	7.1560371487049075	1.6333783492715535	4.434425154608969	1.3016166363865096	0.7298254072162936	0.12741176273289762	0.03520368647381633	-0.0005536248400214404	0.00036469828560557787	0.13059256949346043
Coding_UCSC.flanking.500	219900.0	0.21266036	-1.546669210483742e-07	8.183954491869372e-08	-1.2148744588103e-07	5.417616577574336e-08	-1.790433543646941e-07	6.198732904749704e-08	0.014751293060629167	0.015000347626134716	0.009741624105202986	0.008400486790215864	0.013584453311947922	0.009140935364494295	1.1332127	0.758237461785272	1.0566248926471085	0.24461922197932048	0.7991196476008037	0.8107325927158343	0.6900731621374643	0.582180367422557	0.8252916436492977	0.5627217554196289	1.031556806061998	0.21246740896020716	0.8820785406333229	-6.405670222302845e-06	0.0002076410901425126	0.9754203035345115
Conserved_LindbladToh	108161.0	0.15154585	-7.52634363720972e-08	3.6845111139882647e-07	-1.2343170929796088e-08	2.6809007636074966e-07	-1.8862407102915313e-07	1.9551374919046793e-07	0.06401225255840819	0.02241421756263545	0.06667134023060702	0.01426498635448538	0.03777815429750815	0.012841102191732082	0.5782819	0.16352160270739857	0.812189861117491	0.11428471302811168	7.31141246148361	2.4491494293762743	9.35350404039592	1.9730361785157227	4.683603252768464	1.6463537797007628	0.79292091723426	0.08186719253468445	0.012199365314169208	-0.002971918221229448	0.0016647398108765997	0.0757495393451737
Conserved_LindbladToh.flanking.500	1373477.0	0.4515007	-9.729709482542148e-09	6.135955743502564e-08	-3.38679981837231e-08	6.314485290204175e-08	-4.110341222940406e-08	8.506025750421031e-08	0.1792684651449794	0.03472542824855484	0.1133001273515045	0.02612593260970986	0.1475572513286294	0.03632987391566707	1.0353649	0.16367128493085137	1.0293984375262246	0.11025417303189498	1.600222928567752	0.30137568609877513	1.256460115706344	0.28357016996719697	1.4421006595475234	0.35131316220527653	1.004976289853897	0.05115723181349382	0.922606373074379	0.00013601655590445363	0.00650558676728333	0.9833402695881923
CTCF_Hoffman	107395.0	0.15101671	2.2663925847155042e-08	1.73919431745162e-07	-1.1103486485808389e-07	1.005492009653608e-07	-1.8527580891714024e-07	8.706394538648965e-08	0.01915698016307087	0.018301023522519673	0.0036600594759133393	0.010440315532228807	-0.004436233966236089	0.00861350897873801	-0.5297938	1.6085651425307588	0.7741455276258326	0.16190300781008998	2.1691678675717325	2.0607415345947975	0.38533385520410024	1.4930851552663125	-0.5412820502322734	1.0725067539239057	0.7557791733490724	0.13317311014473895	0.06816831608531215	-8.45668944548421e-05	0.0002836424933452859	0.7659027414468886
CTCF_Hoffman.flanking.500	212093.0	0.20898406	-2.9435855708470626e-07	1.0683027085178765e-07	-7.067277607575306e-08	6.334584412570621e-08	-6.790445183924021e-08	5.701903660337848e-08	-0.035763851325131435	0.02162821356594992	0.004658193782312286	0.012220045423826318	0.01093970680532011	0.010881722991874433	0.0	0.0	1.4693256862426487	0.3178369484151876	-2.0351166561117067	1.239011977645667	0.33948177619607733	0.8876550084225414	0.7081495533418548	0.691803008435239	1.4344664057347085	0.267551293076431	0.1059881613505993	0.00021881148695405885	0.000596941504274509	0.7143409225975876
DGF_ENCODE	607737.0	0.34707558	-7.070912744211455e-08	9.929065925007308e-08	3.327551212350954e-08	6.342590808117166e-08	2.2639241592514736e-08	8.225992331745147e-08	0.06534836889415502	0.04349242524318615	0.06738201266246571	0.023530822651678458	0.05854157158171511	0.02374657560726583	0.88221616	0.35142052909987354	0.9931940498341586	0.12796374213368816	0.9487308587086623	0.8584028921254876	1.6855731949852426	0.5788548488462049	1.2877759417366104	0.5129964218807636	0.9696308396445095	0.07588581843541707	0.6894418200233301	-0.0012989983864679956	0.003254819674743143	0.6902475097125955
DGF_ENCODE.flanking.500	1816577.0	0.497324	7.278659097664786e-08	5.8100003030858716e-08	7.969812543251464e-08	4.956591226346063e-08	8.748382640533237e-08	5.78724588251589e-08	0.23702882289298433	0.05423701127243165	0.18747899833238132	0.03343892362903269	0.23638632965938586	0.036577827563468314	1.121361	0.159984534829998	1.060713324646564	0.11332741542681685	1.7435106933264481	0.3495314469724025	1.5828603345578487	0.2892864623738578	1.7413360243404958	0.24696076691289584	1.0355482413239425	0.04777207290089422	0.457680534942595	0.009863332382842337	0.013497620003500311	0.465793761945684
DHS_peaks_Trynka	494619.0	0.3070394	2.0928234789607814e-07	1.7937965424152935e-07	7.320699069168768e-08	8.952197561029607e-08	1.482621314607968e-07	1.041521215938701e-07	0.12708342576631454	0.04976322274523038	0.07512889625828251	0.02496858089076768	0.07738300567392926	0.02441353657785705	0.79194975	0.22864063841068216	0.9692022249349707	0.11415688392262463	2.9593438772835317	1.1931057329971768	2.386525148925518	0.7892595930644428	2.093851534714622	0.6725634954333884	0.9462082130938488	0.060259348094420045	0.37311144458885726	-0.003897946329035568	0.004838307837015084	0.4214106390052841
DHS_Trynka	746356.0	0.36898848	-1.1807049560275118e-07	1.387174251021861e-07	-1.7063534585304296e-07	8.052260369595388e-08	-2.0088141639007517e-07	8.595736744609894e-08	0.13921664500041978	0.053292471540239764	0.08368928743501736	0.03190187783773553	0.07044421740274875	0.029078342490583782	0.6526267	0.2046452044422506	0.9517245221248377	0.1061249010906245	2.3113377660232124	0.8597181275908792	1.700276024446212	0.6698720511221057	1.2683412535700378	0.5418720555674106	0.9291451631755815	0.046497424600439985	0.1291351813017918	-0.0070711315126499715	0.005838945759867664	0.22732059683720873
DHS_Trynka.flanking.500	1489537.0	0.46958983	-3.1637114261684474e-08	7.164592830122274e-08	-5.5322153968973e-08	4.448438772897134e-08	1.314587816381163e-08	5.5272401766615076e-08	0.1339810327063185	0.05977231310311457	0.10908945036878032	0.03135955191951377	0.1787980823270273	0.034218107389648506	1.4789375	0.36808494831872085	1.1264562446816566	0.11873449301171991	1.121637167248292	0.4792564966553328	1.1012070532304439	0.31289212099603786	1.604459344837284	0.28292580610854634	1.0997314316732532	0.05912406953740245	0.09320565984916951	0.01659145569197303	0.009587315290473224	0.08507986322720384
Enhancer_Andersson	19397.0	0.06530894	4.484896720668985e-08	4.436713254563074e-07	2.981859381634422e-08	2.1872274658107926e-07	-3.6350681398289453e-07	1.9990670807601418e-07	0.005417671777965262	0.008549135245241644	0.004299748626002592	0.004214568962433357	-0.003306085240098502	0.003640599787836156	-0.684993	1.4579722317217068	0.47219346898547176	0.21809489962816295	3.8678697740161856	5.310533611150858	3.482237987163555	3.320936134704217	-2.273218238410419	2.4902025912021397	0.4609908304258246	0.20704718185287374	0.009928247777874155	-1.3847084084587093e-05	6.324468825152473e-05	0.8269175793534669
Enhancer_Andersson.flanking.500	66195.0	0.11949169	-1.417047599261423e-07	1.9406797946430743e-07	-2.138078798452625e-07	9.368859110736594e-08	-5.6107104740021896e-08	1.102965185850735e-07	0.0013920188718405278	0.012750489945703032	-0.005276826203803481	0.005996326860342723	0.005541624259910973	0.007008242897937496	0.0	0.0	1.4320527729604402	0.41096497570177465	0.15659618094227135	2.3165317158780176	-1.2632642615346512	1.3913212615385664	1.1585851810430174	1.438274784392326	1.3980777803619935	0.3766432631016516	0.29183431399862925	2.2342835574523584e-05	0.00012144015323021633	0.854214699905322
Enhancer_Hoffman	187457.0	0.19639263	1.8194562301232509e-07	1.3215756666795642e-07	5.76716416844647e-08	5.8892236864949155e-08	6.096321669701865e-08	6.397498708565763e-08	0.06887686284733992	0.022444044092922902	0.04010997821482924	0.01029479322278092	0.03569930584929984	0.011667095735534495	0.67919874	0.16015677003680584	0.8486081867782578	0.10981578212233487	4.362876260703421	1.448872793553188	3.2425980322332486	0.8537298572258132	2.5820996443246242	0.8779219622702252	0.8284752298026777	0.0876686402246181	0.05180393706338604	-0.0015793808670942417	0.0010269152997507327	0.1256406536889325
Enhancer_Hoffman.flanking.500	215033.0	0.21043423	-6.345078418235062e-08	1.3627270334382047e-07	1.2741572241736776e-08	5.904286126678926e-08	2.61974584248037e-08	6.932085483413175e-08	0.013992835067254478	0.027674026392852123	0.02372723079237369	0.012303990991688104	0.029430289363485032	0.015816456303874037	1.6151696	2.2185455683265634	1.1055856274783917	0.17785978517797787	0.7550260434299648	1.5471450034179002	1.629175718675905	0.8688853192722681	1.806949932987191	0.957363143939979	1.079355963167295	0.12876523039009974	0.5384113593767927	0.0004475492208567093	0.0007863218156166471	0.5698839778981257
FetalDHS_Trynka	375724.0	0.27013016	-4.8596198176653616e-09	1.5433083433435968e-07	3.946304971691461e-08	8.141319796095559e-08	4.0186609595593836e-08	9.069989204135709e-08	0.0966538786838894	0.04142219048611295	0.06847726857007891	0.02127279763923017	0.06643617253053181	0.019127746328173854	0.8166233	0.226109102118606	0.9685161123055624	0.11826964146791008	3.095705961225449	1.315919613531065	2.737840306579713	0.861277956819979	2.365093880257102	0.6751557892774408	0.9455383782664505	0.06943858733765859	0.4337887839090535	-0.002433047750154697	0.003385587320957194	0.47320038398480246
FetalDHS_Trynka.flanking.500	900620.0	0.4006101	1.2285769734887708e-08	9.45678308994502e-08	1.9231826797749818e-08	5.272714886928043e-08	-3.624522904033256e-08	7.366172383171943e-08	0.10572097587598459	0.05658131447448636	0.08355284686961209	0.02637049820863692	0.09144543965202159	0.03081357404631287	0.9729731	0.26785041586200586	1.0180493776700907	0.10676754608103337	1.5032272030383937	0.7576603080742359	1.4470351211079742	0.4499876623233772	1.3741940716157388	0.4899293787294204	0.9938964828017742	0.05054286916689431	0.904003595696746	-0.0008235736535823161	0.004894990007153591	0.8665588327187386
H3K27ac_Hnisz	1749282.0	0.48091057	-3.169494178223431e-08	2.825104594705863e-08	-1.1638245922540591e-08	1.94877234349633e-08	6.108711758656682e-09	1.8479047625419298e-08	0.202560272570326	0.021055611589577826	0.17685600580865662	0.015174615963496547	0.1970249543442359	0.014039195083178108	1.0409603	0.0708354450189964	1.0504098881396988	0.10991951993349633	1.3854889138894557	0.12771911880780729	1.5341880033073811	0.1095049596357205	1.5092324738101142	0.09975462505737004	1.0254892505425903	0.049330403261621115	0.6059360723720189	0.0020437383089627476	0.003916685294177535	0.6023877602928516
H3K27ac_Hnisz.flanking.500	141557.0	0.17250864	4.630915029224525e-08	1.5623686522303615e-07	-5.616638176775268e-08	1.0196971800269239e-07	-3.137784787554665e-08	1.0549215545552215e-07	0.01931937073199189	0.022099943990852338	0.004877394152181469	0.014268272149298069	0.007605382360224983	0.015687801536764835	0.78348494	1.2216026439641348	0.9831966014560446	0.13837863296212058	1.3654129699168769	1.8624402624178942	0.5048704223979497	1.5494008486579074	0.691796050115016	1.4933891140612052	0.9598705775217229	0.09143770908815325	0.661230626080274	-0.00013835703430152308	0.00021903133085437806	0.5283229776900349
H3K27ac_PGC2	1203137.0	0.44041297	4.1604170775144667e-08	5.000773128926994e-08	3.503307866026262e-08	3.294048767088498e-08	-7.686953296115462e-09	3.3973314828017465e-08	0.17659381277113606	0.030839856949574737	0.14105756903641622	0.01870517717176628	0.14372018741316767	0.020671277960373827	0.91060877	0.10165377892461203	0.9586478233500431	0.10656639754813353	1.73734560636054	0.2978191069675901	1.7866100155398368	0.24274386456400424	1.5993439329554182	0.21682502814061097	0.9359042113003951	0.06159975326198186	0.2993607978252004	-0.004945493845148037	0.005109586130881758	0.3342764417521955
H3K27ac_PGC2.flanking.500	299278.0	0.24629621	7.396391055181084e-08	9.548755031119072e-08	1.1494884688545426e-07	5.619956766622636e-08	4.402371800438232e-08	5.496210064848128e-08	0.04052929779262619	0.026525120920362456	0.04815743251632346	0.016449957604487662	0.03678581549552548	0.014651928301181054	0.8326533	0.32024215861175426	0.9664965802930354	0.12920905561285354	1.4654274976571313	1.0497155530318312	2.4897753760498644	0.8214338798341435	1.6391551508175377	0.6564214781380185	0.9435667590030019	0.09294274058311436	0.5444217225882704	-0.0007172482979153614	0.0013744773328155204	0.6023666019361587
H3K4me1_peaks_Trynka	755942.0	0.3705167	-8.026126607774131e-08	1.0294101571162173e-07	-1.0424717800106009e-07	6.346547820612614e-08	-4.456066449165519e-08	6.952191000664243e-08	0.10599732190322024	0.04418131769910201	0.07198563012661632	0.028050938119247634	0.09218994450611274	0.030538111425395868	1.0553906	0.27471901163992174	1.0333141163304478	0.11264573415789605	1.742350199191129	0.6979838490602066	1.4181700826810615	0.5785052235202406	1.6508663498122498	0.5735477061739823	1.0087990704347423	0.05579126447324936	0.8748419843112654	0.0003311907105928713	0.004132586098964133	0.9362054338001493
H3K4me1_Trynka	1901300.0	0.49336153	5.992174578750564e-08	5.2871694578016104e-08	3.6289705462877464e-08	3.2200599520137985e-08	6.008245456712302e-09	3.1190499072408784e-08	0.28452379886029133	0.035369519081707386	0.22391011338038194	0.01954177605071863	0.2412487583647803	0.01949099170959303	0.95580417	0.08404297477977207	0.9781049781091877	0.10087951089622724	1.8015605204413931	0.21669025245755072	1.8132743132656413	0.148194666867446	1.70176880867893	0.1416505466614344	0.9548997513052441	0.068087419957341	0.5084893757233564	-0.00716296448869376	0.011133303183310779	0.5207171119405349
H3K4me1_Trynka.flanking.500	822959.0	0.3911864	-1.7423248621639686e-08	5.850317918998371e-08	-1.9127018191511524e-08	3.0484720525691955e-08	-4.781472640047468e-08	2.8463743362294736e-08	0.0316797583322239	0.039707267542756323	0.02419763116387226	0.020683566493699145	0.026515450145931638	0.021061316237460027	0.9576827	0.8457111355130997	1.0170337891976862	0.15473055108387207	0.49346196191173164	0.5764335181322485	0.3916812025420353	0.3809297733606822	0.4216365207606515	0.3366598381240705	0.9929049888400501	0.09487673098335841	0.9404637907373647	-0.0001983694330959894	0.0012454376403436885	0.8736122649051872
H3K4me3_peaks_Trynka	183910.0	0.19476297	3.3686875511307335e-09	1.872137147529429e-07	-7.892810316434407e-08	1.0801011285366258e-07	-4.614429016669419e-08	9.679926904482272e-08	0.03982746689125996	0.02617277751556933	0.031307743710152346	0.013982731007478743	0.0289425490857545	0.01252857745782034	0.81963325	0.3664586810427325	0.9653926989800375	0.15083424100570086	2.4964453108680207	1.6800292678914936	2.4718199481896073	1.1684820595261916	2.113237260746831	0.9161738759021046	0.9424890669200008	0.11866825466834542	0.6284674255960132	-0.0004576289022210201	0.0010124892171821786	0.6517727862649667
H3K4me3_Trynka	592902.0	0.34344766	-2.8761579784486457e-08	6.987418998960493e-08	7.600529983164961e-08	4.753146498615024e-08	4.8487851955769656e-08	4.114830431944938e-08	0.10130961705478309	0.02639491223002564	0.10778925171771467	0.015101563388463843	0.08984280170580253	0.014729893971688703	0.8597461	0.1330949515973509	0.9217016285797006	0.11432978647385462	1.9878285011755672	0.5233603096570971	2.7596817570211254	0.38883761500776853	2.033372785791944	0.35609819079426785	0.8998345531476721	0.0823776919156259	0.2254522730457802	-0.003186951618392978	0.003127164677863739	0.30938405089846555
H3K4me3_Trynka.flanking.500	549578.0	0.3198382	-3.031857431778917e-08	6.561234755508849e-08	-1.4606087894719622e-08	4.1831885511101063e-08	5.4832575813179574e-08	3.958319183539061e-08	0.04073009404761957	0.03172303305780089	0.029760974096308533	0.018049153761902498	0.07225062696441756	0.017610817639960346	2.0752017	1.0534166930234727	1.2514394857603606	0.1730645013798103	0.9205776319340421	0.6949619491995006	0.8454261501918368	0.5058578774139232	1.7450236196627185	0.40147707904215374	1.2217494854552624	0.13217036795940904	0.09496479275340608	0.003855728180496083	0.0022224459704053984	0.08430625636426803
H3K9ac_peaks_Trynka	170068.0	0.1877954	4.8074710434775625e-08	2.0915345544381125e-07	7.017202818815349e-08	1.3690302580471325e-07	2.8872156221382284e-08	1.5437285583175253e-07	0.04169983183736322	0.026128147056934975	0.0380184060270707	0.017787852168383255	0.03126080320605473	0.019028266845185264	0.78511995	0.3350713248204868	0.9697687017167846	0.11409930984720301	2.989764698716893	1.8578282228409375	3.364752084600373	1.6257341658734876	2.5044980809081454	1.5194458921960983	0.9467612503957549	0.07890409823627444	0.5006321618269189	-0.00075202921932429	0.001117905505934411	0.501910487280637
H3K9ac_Trynka	560178.0	0.32286993	-5.9259978257841794e-08	7.80796156618635e-08	-2.7628454191130913e-08	4.40240732757502e-08	-4.169165990219881e-08	4.128182240492606e-08	0.10381136389110213	0.022968462634737816	0.09028598762454502	0.012777239011594782	0.07961595999711821	0.01468818141697935	0.82237047	0.125311163368922	0.8802003786745534	0.11044771696466811	2.181453134107109	0.4958032201325663	2.4732764361988093	0.3695824443262774	1.9179334604493656	0.382171647203859	0.8593179070818364	0.09459550843908425	0.13854570968361513	-0.003385168583814509	0.0024946062478378105	0.17631994460206624
H3K9ac_Trynka.flanking.500	469052.0	0.30178878	-6.470116176160445e-08	7.858285044903823e-08	2.7371833688505376e-09	4.321722713029885e-08	2.68071822517868e-08	3.938847115136923e-08	0.03155317322617085	0.029101794635717076	0.04217616515230697	0.01632131268468716	0.06219654163694244	0.01725150652932598	1.7049482	0.8054314863850498	1.1967410390010031	0.18358041017858204	0.7631675106527268	0.7416732067162414	1.3427481577932592	0.523868003764522	1.7579841491013444	0.46294767653957175	1.1683487417965763	0.12611143884902212	0.1834275534167613	0.0023238000882092828	0.0018691979064609295	0.2152542265502102
Intron_UCSC	1738214.0	0.48016086	-1.6830528082323326e-08	1.0022911389739875e-08	1.9479058366300706e-09	8.373723048293868e-09	-1.96498217697183e-09	1.2309804731103213e-08	0.15619458723130794	0.015972031422708324	0.13544827391432385	0.009420204517807769	0.15242188021404615	0.012179402792464893	1.0479187	0.06955771941250598	1.0683744263334805	0.11773935149282484	1.0792547391371776	0.09000164334549556	1.1902071448804314	0.06663687822916	1.1721000518031945	0.07278631070923455	1.0430275858312188	0.06848568365954047	0.5305466493315159	0.0014801360760797987	0.002329233277910512	0.52585807353924
Intron_UCSC.flanking.500	40736.0	0.09420727	2.2222695861273678e-07	3.1049788162818004e-07	-2.9257851252850742e-08	1.872509187705873e-07	-6.888605952326543e-08	1.8499231657642667e-07	0.019799037175224618	0.01050737122151412	0.019292946285091612	0.007164910139236304	0.0107047446205479	0.006514377805409015	0.5477155	0.2733163233401353	0.7664570386831797	0.15998872407219702	6.172133293142691	3.0942474897589753	7.314817519123497	2.7013644529560135	3.548567297795472	2.145155430078725	0.7482730913399154	0.14544988151631336	0.08505933866456017	-0.0002923353927608035	0.0002449652937363894	0.23414342037749036
PromoterFlanking_Hoffman	36944.0	0.0898118	4.0790308730720426e-07	2.7699871907316265e-07	1.827758211447872e-07	1.513598704150354e-07	1.7601452384496952e-07	1.5949004250614962e-07	0.022163059448829486	0.009737775772172426	0.013846070887206107	0.005513604149556935	0.011017093382665714	0.005565248212836695	0.6289106	0.2949369525866125	0.7419332096155542	0.22312295013039704	7.158017263565838	3.1027422211636844	5.80749960124338	2.2143745004993187	3.9940405033123487	1.9902845406816778	0.7243310822490325	0.2047893775925467	0.17979863880280877	-0.000208146671977755	0.00018783815364857844	0.269148745983701
PromoterFlanking_Hoffman.flanking.500	111317.0	0.15368986	-2.159810037483112e-07	1.4416481519674562e-07	-1.5106537887277227e-07	8.142313134840151e-08	-3.560825234671938e-08	7.952361613661196e-08	-0.004067508526902915	0.013648661126138726	0.0011972285524795706	0.0077155978813929025	0.010996561060425628	0.008161727568302534	0.0	0.0	1.4990744354328898	0.42563291850306467	-0.3871579682555673	1.4658594458660532	0.11203851252060656	1.062818432343791	1.3118277807610232	0.9730060931844423	1.4635093753945891	0.41055054637639604	0.2602592298794866	7.772089734609018e-05	0.00018951832096503115	0.6821759360851245
Promoter_UCSC	205858.0	0.20655587	2.993497005832069e-08	9.516909926787775e-08	-5.763491728316694e-08	4.75168420166483e-08	-1.0446949971765207e-07	4.879715476135971e-08	0.04717422259146878	0.01560280882670599	0.026182815161158	0.007737744983987974	0.019380627768724727	0.00807532335754594	0.55145144	0.18385571498184816	0.7267038610704032	0.12942490595163292	2.816950931853918	0.90027440489564	1.9349510486857548	0.5652158605842178	1.259246422076227	0.5239337358723649	0.7094630451121413	0.111148634732278	0.009634596069592716	-0.0009196593201421409	0.0005156682741432421	0.07604005466117081
Promoter_UCSC.flanking.500	47216.0	0.10128781	-4.0993180050463707e-07	2.6160421384702204e-07	4.2759996432550906e-08	1.394877102711689e-07	-7.441951055398022e-08	1.3065643145182548e-07	-0.012963174894854344	0.01240628627353802	0.007835764875454178	0.0065694403142228025	0.002366910332221068	0.006071934182791173	0.0	0.0	1.2765329090841808	0.4950973480362808	-3.1737441809672666	3.181784833194119	2.6698517416976166	2.139776558807992	0.6985446137156053	1.7260106736070642	1.2462475753613524	0.4675645380314063	0.5990162030957822	9.190783219385692e-05	0.00012061944645002543	0.4469828390141959
Repressed_Hoffman	2086099.0	0.496643	1.6712730754875338e-08	4.396827080199728e-08	2.5304071726850452e-08	1.791596382361149e-08	3.743318188753619e-08	2.6817538412160502e-08	0.14084896894976298	0.04117151870258903	0.06279709929396013	0.02446685217618304	0.10946092946089137	0.025145450561417967	1.1638916	0.2270912513336155	1.0581480049201768	0.11616308689188269	0.8132811954367524	0.232068756615924	0.426231295270627	0.18114698819204106	0.7030752574025345	0.17018813136773825	1.033043782985042	0.06152620658508446	0.5918203280976937	0.002668920029334736	0.00391002712572736	0.4956638611461708
Repressed_Hoffman.flanking.500	1168592.0	0.43767193	-1.4788536617516002e-08	4.477855952700338e-08	7.012000224904114e-08	3.236215917468144e-08	4.64479015249708e-08	3.457913422266756e-08	0.07025539415437518	0.043140235650971546	0.11650460099703999	0.031051285239832086	0.10441872210723935	0.03380741432076241	1.1541626	0.32891371191732216	1.0374073196944245	0.11356766832947301	0.649127599027735	0.4376447647427792	1.558476152365293	0.38996807847618203	1.1902511269152987	0.3677701389167024	1.0127951638621155	0.043600227684018666	0.7694721661815336	0.002019116877386609	0.005106703186465016	0.6929818559941567
SuperEnhancer_Hnisz	750889.0	0.37046638	1.7018519926637055e-08	2.6716731937881377e-08	-1.4776151857631703e-08	1.5462457980675026e-08	-6.5164447171639495e-09	2.006415122934868e-08	0.10352278571581443	0.01094103330404805	0.07879357461145237	0.005547459073653328	0.08762977948948773	0.008415447071639989	0.9702605	0.07721591032860003	0.9620634740649265	0.12485657716571708	1.6807458165697984	0.1485354351349786	1.613317657084687	0.10900914824087704	1.5632687376215366	0.12403414731922843	0.9392388267978983	0.08372698513637036	0.4688716293850106	-0.0007376577314102111	0.00099483945192952	0.45927405560783985
SuperEnhancer_Hnisz.flanking.500	14240.0	0.05602407	-2.7773758404237014e-08	4.827803081752791e-07	2.765122815162613e-07	2.804812027079606e-07	2.3359626766250585e-07	3.933045036319527e-07	0.0011563941206357235	0.007096180381423699	0.005003387234262131	0.004217631595178725	0.0044049257582858105	0.005928764652392987	1.8312751	16.034594394334256	1.0833878876263032	0.4408342632760586	1.515877259715765	5.989028366040438	5.4726678375629145	4.491871285837168	3.953371127334081	5.586271623805652	1.0576848575715811	0.3983556598586184	0.8850094735289886	-7.5768078108113205e-06	3.5358010343812425e-05	0.8305416601342612
TFBS_ENCODE	588156.0	0.34287846	-2.3260691150994717e-08	8.200186840667811e-08	2.1768739699723483e-08	5.032719130326768e-08	2.3692653172702194e-08	4.619044347009549e-08	0.09783809375366363	0.0380689563055143	0.0857097785568441	0.0198071980502213	0.07522689121089483	0.020178435108697202	0.82149315	0.1938965417422007	0.9550043347022665	0.11528197288002219	1.850788467818806	0.7730761632478221	2.2515332923720317	0.5265252932888195	1.7245734295582351	0.46406345481624167	0.9323471632518605	0.07203805932553364	0.34880437344102777	-0.0030409583074347364	0.0035622582684964694	0.3943196519568479
TFBS_ENCODE.flanking.500	947660.0	0.4082869	-3.017385452608323e-08	6.172634670065236e-08	-2.5912310519515813e-08	4.385853102917281e-08	1.103800251200937e-08	4.3749817990601514e-08	0.06864879870237081	0.045003052111359125	0.05543379654708672	0.0305074746540395	0.10145847260367184	0.02975611914332924	1.6446918	0.6463641342157573	1.1093601684957082	0.12351612965256702	0.973707799519802	0.5681640973087859	0.8737427820016328	0.4850035098231968	1.4339997423238997	0.4139736448429455	1.0830409544099473	0.0549111898380069	0.1320497282798574	0.006097588308858677	0.00450135803355558	0.17707753764731127
Transcr_Hoffman	1545456.0	0.48085585	2.6992282187165983e-08	3.263131631570104e-08	2.4928215935915432e-08	1.7605055191438623e-08	4.841654543952245e-08	2.4546336518938006e-08	0.12537768845901792	0.03473145782573006	0.14097075923813165	0.02394954235463262	0.14301067286918315	0.026373037546357465	1.0757065	0.15730893795999457	1.0432764114131177	0.11662240404392386	0.900124483037628	0.26383192183064486	1.3959382427686313	0.22421185839524888	1.236744772889887	0.20646694288096573	1.018525013262741	0.051954616486016666	0.7217979126325886	0.0020481036647339718	0.0051666413821452655	0.6922279924382362
Transcr_Hoffman.flanking.500	1887673.0	0.49272245	2.4218934413511306e-08	3.5734473158299807e-08	4.578378121067317e-09	2.188547831849519e-08	2.7890280307474313e-08	2.209262284225133e-08	0.1595193158356868	0.041934593960788136	0.08597851123469409	0.025771019508267906	0.12921649389683562	0.026524217508906482	1.1033578	0.19555897513418607	1.0480653949648995	0.1172131973960855	1.0884852314156843	0.2550612417252812	0.6804492314088152	0.21025895295639513	0.9151803820736915	0.18631577939559776	1.0232003797161882	0.05726681968689886	0.6858187622717373	0.002362406341586751	0.005174985776764735	0.6485248059874804
TSS_Hoffman	79109.0	0.13028309	-3.367724730196642e-07	1.7699917975733115e-07	-1.7170144417377742e-07	8.287971553500029e-08	-1.2391701886826922e-07	9.29021553019993e-08	0.004739039562534561	0.012066250735537899	0.011058610978446085	0.006894696283526643	0.014195026060810627	0.005849355257713402	1.9608335	7.037274785540626	1.2529273246363228	0.3475719547863211	0.7740561192557114	1.82939740802417	2.1121996181152185	1.3530705650267745	2.3767093201048857	0.9741365206700342	1.2232020258312302	0.3194462155127487	0.48554559990017054	0.0001286749451975666	0.00016616290628210625	0.4396190884907405
TSS_Hoffman.flanking.500	74182.0	0.12634143	1.9398299855311052e-07	2.2087914430812816e-07	8.74004300044362e-08	1.075876099321249e-07	-5.225325594437891e-08	1.3836236689712678e-07	0.030211058787121273	0.013739794792537988	0.01877718297364535	0.0073147068943992324	0.00954369848270181	0.008218549992686295	0.40069923	0.27445527175057266	0.6731895590145623	0.1413698374444264	5.114634104432439	2.2454749761890294	3.9655034262784046	1.4879465424568843	1.7851662759076592	1.5211471704701793	0.6572183527037855	0.13676925732782166	0.013001929171623905	-0.0005306614665801988	0.000308540248655419	0.08700347047120349
UTR_3_UCSC	49163.0	0.103275865	2.616543781641667e-07	2.107889400804197e-07	2.408235673101444e-07	1.3598092607480794e-07	5.080769227561177e-08	1.3519442632059508e-07	0.028450756362023155	0.008195018731973588	0.01587593670921541	0.004346930312536866	0.011610430620626649	0.004028043237640643	0.54630065	0.16687874854455417	0.5761970780219522	0.14772945630532122	7.256508460334754	2.0226440345436183	4.893309114540345	1.3686632517437436	3.1091585074288073	1.1351717517287359	0.5625269872049965	0.13934670036509506	0.001950188042649792	-0.00034216303326707576	0.00016431546166039698	0.03858859757832023
UTR_3_UCSC.flanking.500	67870.0	0.120849736	-1.170798142879903e-07	1.3677316701432574e-07	-1.0909376868539766e-07	6.190971646446997e-08	2.8647438199413955e-08	7.567754067849819e-08	-0.0017537888193575237	0.008493282796539124	-0.0007823164588906624	0.004282330571587686	0.00637301993028736	0.004699260779921842	0.0	0.0	1.9545950155173428	1.006483494510046	-0.30959472604355387	1.506161157916824	-0.1365194765163206	0.9666933764185365	1.2950873780475602	0.9260604458953051	1.9082228758594721	0.9419040474556483	0.33609518994333576	2.398002717282021e-05	6.539101833207537e-05	0.7142194187451745
UTR_5_UCSC	23952.0	0.072504215	-1.4556897554030002e-07	2.8876851843051554e-07	7.377150268439436e-08	1.4688774285787076e-07	-5.004318026635701e-08	1.3140814303369552e-07	0.005998217967291964	0.006964906288487109	0.007277969008166088	0.00291945082982178	0.0038764703637388393	0.0029883423449463854	0.5867056	0.5285673826064189	0.7392071017648066	0.31382417422886505	3.059460740064729	3.49722760217354	4.78600634313841	1.8962712479574604	2.2316186634219397	1.6753605642945548	0.7216696504324371	0.2934971158926543	0.34411474547115883	-3.7194665112840295e-05	5.361509384751479e-05	0.48865741269972673
UTR_5_UCSC.flanking.500	94706.0	0.14202163	1.9686885366354545e-07	1.4105457069035765e-07	2.5888763133252723e-08	6.443060840410908e-08	9.223692387649862e-08	7.873745744291227e-08	0.0276978718404984	0.012001585284555456	0.01239713181541481	0.005336830998131217	0.015843143804793524	0.006202924566329308	0.85498315	0.294869540734616	0.9069596276048308	0.19424250012438346	3.6472949802794834	1.494631328794536	2.0299773712272886	0.872068080477053	2.2401961209265404	0.8964010332129494	0.8854423014163111	0.18317854699867817	0.532432832735156	-0.00012364693897994516	0.00020510350654792187	0.547293940432497
WeakEnhancer_Hoffman	93561.0	0.14114772	-2.246877528477853e-08	1.9517463556439907e-07	5.653539858485601e-08	9.532608657991659e-08	6.182936118648286e-08	1.028046909823388e-07	0.009990379865876784	0.017837673036954417	0.015559671485948227	0.008004808116544523	0.015638749638856204	0.00864438197479099	1.2543272	1.2682488542697905	1.0682543761143364	0.22490540881777002	1.3486254670144389	2.289313987157797	2.5257402769937594	1.3068141246462315	2.2342969953005154	1.2199612823202641	1.0429103837650087	0.185536122124983	0.8173366263348747	5.914006050598856e-05	0.00028932525837638355	0.8382444914285223
WeakEnhancer_Hoffman.flanking.500	305131.0	0.24891211	1.5360897975824628e-07	9.30486905303951e-08	3.981370966243958e-08	5.5494574269232544e-08	4.9414609293307876e-08	6.526686036067986e-08	0.07976619598409247	0.02515979902564998	0.04085301932854172	0.0138058620207344	0.049857275884565365	0.017562866810098596	0.87338763	0.23348519645541357	0.9459246530785311	0.14403720218793659	3.032046518803435	0.97934253984256	2.063676309233136	0.6912309507970557	2.168916480519205	0.7341427485415645	0.9234828941616486	0.1067909224565272	0.4745145558863295	-0.0009871998548511393	0.0014321050000418664	0.4914155714882753
GERP.NS	7810406.0	1.5449513	1.721840092727689e-08	1.2532120230446253e-08	1.6146195491728577e-08	7.78401787471239e-09	1.8815436320096524e-08	1.0623829815870067e-08	1.2301476590936413	0.09855583775275988	0.9984039409505726	0.05882796814199303	1.0217656945880815	0.07013136503582261	0.92197585	0.05148413328985754	0.9775007120283469	0.09106239320970516	1.8960610010660497	0.12530381615151254	1.9586698457453076	0.10109821466183311	1.7525172867325667	0.09421347057195244	0.9543098212433068	0.02025329843789077	0.02516228247892971	-0.21671586404884957	0.1038797727726418	0.038233364844349804
GERP.RSsup4	35556.0	0.08812781	-4.275594562841434e-07	4.734857270705106e-07	-2.0034519820910646e-08	3.3076548788812943e-07	-1.607400292868988e-07	2.7669341307046125e-07	0.011435869993764638	0.014914128546546236	0.02075469761635545	0.010659407091181848	0.010919425955275255	0.009209195151552475	0.7087727	0.4622046381347967	0.9316339607984343	0.14780245353811733	4.051903785632261	5.066614456373464	8.951434743512992	4.579318110144986	4.187388727475862	3.5529523920622337	0.9095312439710687	0.111970588304941	0.4200732429470042	-0.0001320395251547673	0.0002877408779796893	0.6468186723797085
MAFbin1	247909.0	0.22364597	-7.467275686678931e-09	5.141139780562298e-08	3.122936353960881e-10	2.507115581806829e-08	2.9148480962248868e-08	2.6700837096882424e-08	0.019917850741387536	0.010026897621417764	0.013077191023640682	0.004330387975226643	0.021615446531927117	0.004552990015544277	1.3393242	0.3746587120501917	1.2653475828687473	0.2975795337874403	0.8884215160250062	0.4711295154530935	0.7590344520208495	0.25737868125492486	1.16099491392498	0.23375413684833155	1.2353276174218344	0.24940984824157728	0.346549999765172	0.00018263860143723215	0.00017298205521415588	0.2923287532203629
MAFbin2	298167.0	0.24565636	-3.061005449112031e-09	4.401787734309437e-08	2.6977200917599475e-08	2.2025435697514695e-08	1.2781442570997115e-08	2.2834816704175864e-08	0.025751644475265775	0.010546888247016854	0.02426971345374286	0.005109039247592989	0.021962253051877097	0.004516229664638941	0.87850064	0.24274686545879823	0.9026378831266109	0.22780711186912747	0.9924547297919937	0.41027891004399303	1.221785687421292	0.24188954521167194	0.9825848353283905	0.19305107511587888	0.881223088939308	0.19211280863457866	0.5371066655797883	-0.00017301407225509902	0.0003025591041740136	0.5680786991885571
MAFbin3	364670.0	0.26623893	-1.1346460659922286e-08	3.3314037750642456e-08	5.2206909906260535e-09	1.6908547451066624e-08	2.4309604995664813e-08	1.8520934119692356e-08	0.027518078513002236	0.009299302491359672	0.021092932117260817	0.004762852200511108	0.030898042311400854	0.004529435733899079	1.2824883	0.24318150263228086	1.3088648638138711	0.2749788204323627	0.8800500944343956	0.2964499105214208	0.8841154449807475	0.19640703169950413	1.1352110380473652	0.16197514450285433	1.277812464838019	0.2322398002820402	0.23302971953732055	0.0003483506012309513	0.00024635938461698944	0.1589263056497081
MAFbin4	417808.0	0.2882802	-5.410667025529392e-09	3.354362831942126e-08	2.3381033997793566e-08	2.111148589278855e-08	2.3901693069205976e-08	2.03031742529447e-08	0.034654701542062134	0.010213167332519587	0.032064762973333855	0.006764464017860245	0.03597668435666468	0.005807348270815079	1.0792599	0.15827791583285766	1.0800597484662622	0.16102744042592626	0.9797974847118005	0.28492793350340845	1.1599068442238498	0.23870034878958674	1.1502022656900994	0.18010867303273456	1.0544356774453578	0.12651647317950074	0.6674680939797106	0.0001419169564924874	0.00032693086882301393	0.6646943821807307
MAFbin5	456890.0	0.29845744	-7.11473413517183e-09	3.5504015727383376e-08	4.8489661175210585e-09	1.6913725531253476e-08	1.4679234716652445e-08	1.881144839899207e-08	0.037109881927833904	0.01044312807904923	0.026744121387232433	0.004928206551601283	0.03516873895294009	0.004898546731365971	1.1163435	0.17227171992036916	1.1313745443548533	0.19742156640432945	0.9773189644210696	0.2676950421654637	0.8921446493946512	0.15896869795699137	1.0290298556720396	0.14722617002299068	1.1045330462646228	0.17050234530619593	0.5405178019793246	0.00021279670894590558	0.0003197178274405172	0.5064524746030838
MAFbin6	499386.0	0.30784136	8.807060858373461e-09	3.1535222433376475e-08	1.4327535602376429e-08	1.630366242011405e-08	-1.142945627030656e-09	1.8298347725931308e-08	0.04867449840242152	0.010294641899646089	0.0341761927882618	0.004994098204894122	0.031039029678181236	0.004762124674685319	0.7610191	0.10973981660500112	0.7495582414484879	0.12679455625874994	1.1912424650584124	0.2420852598668884	1.0456897152276272	0.1466613777769289	0.8303722718090526	0.12533719119977327	0.7317752126480398	0.11563742203434792	0.021380666208953514	-0.0007541434861666238	0.0004112410821153269	0.06817377200885022
MAFbin7	530017.0	0.31491363	-6.642220107266894e-09	2.8510029892458988e-08	9.705463099862754e-09	1.6819342363305623e-08	7.453956563097108e-09	1.8478145236144883e-08	0.04312560257635016	0.009709837403289687	0.033471309025294216	0.005789936463348439	0.03723537698654295	0.005195237271186231	0.9800581	0.1465128252307728	0.9863485978975268	0.1806557122079597	0.9871077601237123	0.20645545813569927	0.9736785930030358	0.1652882765359096	0.9392995327876518	0.12308130041157112	0.962947793858874	0.1456058395843936	0.7993958333355975	-0.00010612914450462479	0.000399559581274332	0.7908104541408556
MAFbin8	556850.0	0.32054463	-5.626983323736567e-09	3.103658841041579e-08	2.3313305064220913e-08	1.738017196828423e-08	1.8129769685515384e-08	1.8824692915586638e-08	0.04546325827499423	0.009242098637245112	0.04256520294660053	0.005665477468477232	0.04479903878907042	0.00564386566135079	1.0183828	0.12901076475850942	1.0276687883072253	0.1705987983747248	0.9951969734903788	0.19741861613307624	1.1770853606067202	0.1576289509727622	1.0751882904599581	0.11962046879272871	1.0032876760077016	0.1397227308907914	0.9812510850287648	1.5337382851259192e-05	0.00047209050801778473	0.9741152675202283
MAFbin9	573717.0	0.34126508	-1.8121541600635283e-08	2.9301624238087243e-08	3.884421950761663e-11	1.6712531802909325e-08	5.956410475960183e-09	1.868284371653317e-08	0.03999906161181956	0.009370361944330623	0.030682923900378137	0.005120306583019786	0.03952109259344552	0.006021241550771327	1.128121	0.16586482970079922	1.159345603230418	0.22143535004069873	0.8550641590448318	0.19390177665384736	0.8312872427174223	0.13401450806181603	0.92006108321422	0.11568473483315918	1.1318405007422128	0.18993410657291496	0.4884051299911736	0.0002851200593676634	0.0003857412787745877	0.46068782718331547
MAFbin10	563818.0	0.33893767	7.209413066533443e-09	2.795171560876497e-08	1.1798062971024592e-08	1.6335102159814596e-08	6.475044944664887e-09	1.6131666669139122e-08	0.05373237563436829	0.009294830791211645	0.03692790156914497	0.0053736630158004684	0.0391971060700212	0.005224848956626651	0.87995136	0.11717739924735474	0.8625495264534846	0.15743557564491592	1.1589691244575797	0.19818088103443962	1.0135324939461405	0.14937121147260274	0.9304882744680255	0.11929882943771675	0.8420858156668568	0.12260169150767114	0.1992325619867823	-0.0005024799202002642	0.0004369362378605642	0.25152094382371537
MAF_Adj_Predicted_Allele_Age	274071.56	0.92236537	5.790007584494106e-09	1.0391709714951958e-08	3.6941874559381915e-10	6.2356657615225686e-09	-6.001443342285029e-09	5.931236835010623e-09	-0.012347640860494596	0.031827313502453415	-0.02846167084904131	0.018963273746234167	-0.03697127874815338	0.016534876692274728	0.0	0.0	0.931612537189429	0.12341610089124683	-0.29174215551224125	1.384821826812542	-1.4489618705735632	1.05399286512962	-1.7916927148989301	0.795168895539602	0.9095103286303138	0.10425796733768525	0.38647257554703995	0.0009760648267727344	0.0011368073968833696	0.39159326920434334
MAF_Adj_LLD_AFR	209708.28	0.9728921	-1.050819076198195e-08	6.715472622431662e-09	-1.2196755605486942e-08	4.270152231811153e-09	-1.6654174928021348e-08	5.54688650566959e-09	-0.08265546017520785	0.020546666991297487	-0.08222160989473008	0.010133915417287878	-0.10428287264294103	0.015446096858568726	0.0	0.0	0.3370992347302963	0.268053246677446	-4.759549051356707	1.040593957585042	-6.215208234410196	0.6671349566288123	-6.672889897349074	0.8375465336295695	0.32910166353658427	0.26959496040930186	0.013647567576671404	0.003739473004239235	0.0023628755459466724	0.1151019793782928
Recomb_Rate_10kb	7038953.5	2.4424129	-7.051393247081705e-09	3.2392935001013257e-09	-5.0382511496138704e-09	1.770162016967447e-09	-3.6807579206765695e-09	1.9630150838167992e-09	0.5315938543940082	0.09771644945369079	0.42482264047760565	0.0443059281658754	0.5595218916423463	0.05523835714059351	1.177398	0.13745366627579422	1.0730096800002829	0.11668208806568248	0.9109130263817862	0.13535407812823985	0.9304166968444042	0.08310681750548655	1.064187351159526	0.08826323335180995	1.0475528695918872	0.030284342833575135	0.11795420418324598	0.07987224075729246	0.050639560494973104	0.11632181223121818
Nucleotide_Diversity_10kb	20905378.0	2.3653805	1.1255117948749671e-09	1.9602210965530276e-09	-7.718933825451302e-10	1.582035169533924e-09	9.113275689642819e-10	2.121511633035311e-09	1.5032893245533114	0.11147995387988059	1.1398232252419376	0.06457277040143418	1.3912598443126838	0.08786198972203534	1.0628408	0.061601322694477656	1.039379703315902	0.10227940230733411	0.8609804945521031	0.022954313748359725	0.8316456171816414	0.02501048695394403	0.8885606332400758	0.03052070596984897	1.0147207533149658	0.0114223732088354	0.19897604833114024	0.17546421678357493	0.09505064869088627	0.06637650304159859
Backgrd_Selection_Stat	788874.75	0.18084158	6.2805289857692514e-09	2.646846120057944e-08	1.4045987484223588e-08	2.3487867650828775e-08	1.8569386028843837e-08	2.2033137980770334e-08	0.07789123626407332	0.004462053217582406	0.06426530269083351	0.0027444314929969357	0.06617411420966997	0.003448693718657004	0.93530995	0.04129549520131047	0.8865093178016377	0.07779866265039119	1.18232046369915	0.04675440479597605	1.2372814171687228	0.03449523096303632	1.1215671588019664	0.037450877523217484	0.8654771686522036	0.04243083272864992	0.001762921291319719	-0.0007565839760295271	0.0002691621718162118	0.005434457849987195
CpG_Content_50kb	45283.953	0.0054202997	1.4530784255839535e-06	1.6412327568104956e-06	-2.103815432974443e-07	8.892951655070647e-07	-3.074619030485337e-07	1.3587434750661487e-06	0.004213629672494688	0.0002809760445716995	0.0033273739564262227	0.00015118715046775566	0.003725684053744395	0.00018517910224173092	0.99500906	0.049451068423265486	0.9887620567117327	0.09836332547636281	1.1208338753687315	0.025903004917655553	1.124883504411567	0.020828687774855394	1.0994658035127804	0.021993879175004716	0.9653039941370135	0.030704718593198885	0.2598408565663357	-5.008248816978818e-07	4.528260909610589e-07	0.2700625249944375
MAF_Adj_ASMC	-8537.54	0.97532564	-2.4785069996369202e-08	9.291151847889978e-09	-1.0497039681922615e-08	5.353232523930274e-09	-4.01491018209299e-09	6.538528829480583e-09	-0.1543849042884847	0.028428006983150098	-0.11131358880000046	0.0171977514945438	-0.08200725775503491	0.02086329557766616	0.0	0.0	2.3208918842531814	0.6805236447215878	225.45901581126174	40.4839917981677	204.9773362584671	30.672748501263865	128.84990524061402	34.570480592939624	2.265829468902183	0.5929209828058957	0.03399178575966344	-0.011084867314532964	0.003494637312713056	0.0017539243796369508
GTEx_eQTL_MaxCPP	50602.8	0.08025501	-2.1277026007737732e-07	2.4067188064691436e-07	1.1984980119450483e-07	1.4012442761668353e-07	1.783891008244609e-07	1.5854972446049942e-07	0.0006878195277112082	0.006709227048817601	0.008898836019942364	0.003978339176406844	0.010499892062731029	0.00458580019069106	4.244055	43.15195408450421	1.6639039738142474	0.692709649335938	0.4121086461224417	1.5944942965163913	2.7914764079432928	1.2028891039967229	2.772588937131185	1.1828389576520846	1.6244283858594823	0.6591599347039072	0.34463005908084865	9.183827581753672e-05	8.682163470146835e-05	0.291437631706553
BLUEPRINT_H3K27acQTL_MaxCPP	78414.21	0.09214176	-8.013728347577853e-08	1.966745628578792e-07	-2.1756500245828647e-07	1.096284591994845e-07	-1.3802468856738415e-07	1.2901894308470219e-07	0.008493207642351593	0.006312823094474019	0.0012538310088487906	0.0036071733250737335	0.0037229694004977196	0.004320825918783634	1.1408646	2.4150009049258756	0.9101344220513902	0.47274930199173165	1.3981269449167772	0.9667357631490782	0.32900949584788025	0.7072467061412774	0.630375018000562	0.7345473784956252	0.888541774883183	0.45174144958086293	0.8053714252809958	-9.35374196548046e-06	3.16336115548663e-05	0.7677751594707471
BLUEPRINT_H3K4me1QTL_MaxCPP	65208.02	0.08251235	-1.9304462028912894e-08	2.3292770379157446e-07	4.936886810469332e-08	1.2331821608313476e-07	-6.966213561554468e-08	1.4392881553249026e-07	0.008374173388079872	0.006479393338041225	0.007038909774463585	0.0033283104361099916	0.004492091938539189	0.003776236094281012	0.5850931	0.36506641440344395	0.6953399710816657	0.2661061724847264	1.6007939194618561	1.1945471142177562	1.6816177899981986	0.7890794161413712	0.9321028139036505	0.7871506489984303	0.6788432533510291	0.24632498149838605	0.19381042622240807	-4.4789992610470294e-05	4.815850410200481e-05	0.3534701474998658
BLUEPRINT_DNA_methylation_MaxCPP	150024.8	0.12848674	2.2574899105620716e-07	1.5169122491442977e-07	1.2731567267110222e-07	6.136497177067213e-08	1.275439274195378e-07	7.151071201860759e-08	0.03369238710715381	0.010794261616079114	0.022794956948311573	0.004293392903753645	0.02333185496496126	0.005131004089279983	0.8419067	0.17306356178254068	0.8691714808784241	0.17244958408194502	2.600718580508615	0.8380434527908396	2.319041167540753	0.42486653098254196	2.0743293055377086	0.43361996853287754	0.848550666347561	0.15219875157028773	0.3209076895663727	-0.00025128771692535274	0.0002827062991401336	0.37514884650394675
synonymous	13669.0	0.054894924	-1.1220870419492712e-06	5.888259124731121e-07	4.776544528795057e-07	3.228174989544641e-07	-3.5506894846548676e-07	3.1571335057378747e-07	-0.002666394637416131	0.007436471521750939	0.011760988930672768	0.0046627749576495375	0.0006179343704342318	0.0035990661644595594	0.0	0.0	0.734311782154429	0.31889543518031405	-1.1921900891261683	6.536085923391677	13.26242639636994	5.181684604086039	0.6222311436063552	3.5219839797937413	0.716890470709269	0.2986233750721668	0.3442544601163213	2.7251119975230645e-05	8.620931307551183e-05	0.7522547739637102
non_synonymous	11596.0	0.05058093	2.2500177010442712e-07	5.268876179798099e-07	4.117898413369403e-07	2.9068121421005344e-07	5.185074769542553e-07	2.7880645347977406e-07	0.010852422012191928	0.004814294474330551	0.00733142444649378	0.0028601819350642494	0.00933850947493648	0.0028648979490492415	1.0469358	0.3104858819144268	1.0426675988953138	0.3491540590209352	11.778275680252689	5.039534225660351	10.014244962349778	3.807033989782964	10.954228251636321	3.319330210930084	1.0179306446265992	0.3301640676530772	0.9567440304286072	9.152092414993447e-07	4.902327840823627e-05	0.9851239660769147
Conserved_Vertebrate_phastCons46way	128749.0	0.1645919	4.0360625064295164e-08	2.1835450070284423e-07	-3.479786414573027e-08	9.923039812065326e-08	-1.5784621609782334e-08	1.0213000223302515e-07	0.06642684597992306	0.020943327784345087	0.061165924871916556	0.015014320756076428	0.03899316634791799	0.013413565475658404	0.611733	0.1640700314248797	0.8465778818897287	0.11023065704428343	5.870037482832315	1.9097280360863735	7.1861777482738685	1.7497740010043248	4.084170091684724	1.4584130199813605	0.8264930932462541	0.07406239194273045	0.020131801419074336	-0.0027016157492501377	0.0014580178570835155	0.06537196986634708
Conserved_Vertebrate_phastCons46way.flanking.500	1694922.0	0.47724074	1.274691499020264e-07	9.063177230927977e-08	1.7560141785111227e-08	4.244067142167296e-08	6.740863511822681e-08	5.0543512486456166e-08	0.23326123100841958	0.03655818068173512	0.14454063591199812	0.023614617656039477	0.18859406621441122	0.03278042080469517	1.0270977	0.1327448512832024	1.0271106823396503	0.11532776224738162	1.803346457708709	0.25501660727611075	1.3071922433703158	0.20591336312578268	1.4877290874406175	0.2305061449428874	1.0027428109251524	0.0562054798186146	0.9611278583646479	0.0003304571437767051	0.008085683586164152	0.9674409761666487
Conserved_Mammal_phastCons46way	93390.0	0.14116146	5.156931024430378e-07	4.581754353694123e-07	1.7738294388891518e-07	3.3665614296296553e-07	2.1308214570581185e-07	2.429716232654755e-07	0.07080672448720537	0.021669979730962668	0.06373444767230849	0.01595851323974	0.04189454160908747	0.012218036176444203	0.62363875	0.13931813395697498	0.8609177445073556	0.10764387039698868	9.327177313805022	2.7123116113320545	10.28336412564867	2.567961830131132	6.0503573323817825	1.8227302071502736	0.8404927472238813	0.06289140390429061	0.011973024793195286	-0.0028922725252540304	0.0015368017965143573	0.06129464677350249
Conserved_Mammal_phastCons46way.flanking.500	1425901.0	0.4668032	-1.2325996578965714e-07	9.911443754617721e-08	-5.064939045951178e-08	4.660436303538518e-08	-9.835341785446872e-08	6.333878843634011e-08	0.17469739615358332	0.032695317986523365	0.1221335516189769	0.020745056631068036	0.1482901984120471	0.026339841908626933	1.0152003	0.15137952459063791	1.0231034908140948	0.12471085606814164	1.476516653275632	0.28269895483119867	1.2989153183134405	0.21295592957007126	1.3909986273737436	0.22481122873202317	0.9988306887329287	0.07446044966653526	0.9874864363218807	-0.0003337414850563408	0.00606841174289732	0.956196416778045
Conserved_Primate_phastCons46way	83593.0	0.13376717	3.3976652957790066e-07	3.376310075964284e-07	6.538288062074571e-07	1.958086386366631e-07	4.6161434852365346e-07	1.4180859864154627e-07	0.05907601943168002	0.021907054752182544	0.07384103385336954	0.012387648690439162	0.0465674208803299	0.01134402882933388	0.7050626	0.1382533858891446	0.831000815680702	0.11510198893591453	8.58408131074518	3.1685840177383344	13.405073614387057	2.3139275771792964	7.525056938176815	1.9558885905893708	0.8112855879355058	0.08199754169531746	0.022400780831577594	-0.0023012187138808076	0.001542060228398117	0.13720376661128397
Conserved_Primate_phastCons46way.flanking.500	701609.0	0.36348316	8.744857638021131e-08	9.3056954142412e-08	1.380315524102116e-07	5.076448061913652e-08	1.9348310331679386e-07	6.0249682576341e-08	0.1374966082263019	0.04324642951680868	0.11775101489412328	0.022162069099196418	0.15342665092058458	0.029872049574037142	1.2057922	0.16606016348122088	1.0994617175568246	0.11628886083152312	2.393428458190647	0.7173495360385221	2.5617205860016155	0.4704951917653439	2.916839710748295	0.5082403784199916	1.0733773410439065	0.05759076748105777	0.20410811994401623	0.006595670113168351	0.0052559858945223645	0.2109914013966916
BivFlnk	59628.0	0.1135082	2.0092944907901256e-07	2.5047785356946406e-07	4.329977514316852e-07	1.1696725721321855e-07	2.290593528186946e-07	1.2929166359754163e-07	0.026639256729317884	0.014471121195549405	0.03550064965832039	0.006538903591071368	0.024181621157113045	0.008015595159731291	0.7863325	0.20888012435061182	0.8602803793718526	0.14463678607913705	5.650328272438825	2.8934430777498643	9.10501363158664	1.6731613552867473	5.513121097425341	1.902169299224009	0.8398705033717347	0.13309908133417753	0.2303728207140916	-0.00040634982769825474	0.00047028417672350124	0.38859978183542543
BivFlnk.flanking.500	78744.0	0.12999739	1.6688015591626026e-07	2.44470186316903e-07	-9.034661729856452e-08	1.0737937117255569e-07	-3.809389070852376e-08	1.9331166356550966e-07	0.022556173700992554	0.018283171508541512	0.0018839899426705683	0.008179624406427157	0.008034043297905006	0.014630419003715919	1.2324297	2.180326019992424	0.9701289131317185	0.1769608837614687	3.3761108721090975	2.7837640714496925	0.3339827750108268	1.5957654489214106	1.300809663290977	2.5060658621392604	0.9471129159104347	0.12510416210284164	0.6729382011154617	-9.08657853963417e-05	0.00013049944181442094	0.4870581159979037
Human_Promoter_Villar	67400.0	0.120433256	-5.076783438084931e-08	2.0040261006215587e-07	6.68842972118e-08	8.486521352324417e-08	-2.077371608066869e-09	1.0424120233665235e-07	0.018192326411749407	0.008984959818599808	0.021065276292042936	0.005943554365124367	0.022835984000528435	0.005451926109031518	1.1665195	0.3056040789134265	1.1317829321216575	0.22180180735368374	3.4158532463934725	1.589537172167227	4.8439196818545875	1.3492254217783874	4.574490387727008	1.0868071062753035	1.104931745162681	0.2084180150678715	0.6151923059419437	0.00012323856084288457	0.00021215290325443719	0.5619685138455952
Human_Promoter_Villar.flanking.500	15887.0	0.059152782	-1.9998849154490017e-07	4.3708317321033974e-07	-5.825042421747639e-07	2.724961802869075e-07	-4.306639596052264e-07	2.3446484931355371e-07	0.001171912229133612	0.006993515274613092	-0.0030043569229529377	0.004141703903907304	-0.00374201184992151	0.0036046517008281394	0.0	0.0	0.6975988701827123	0.46940902221481756	1.6737137177487318	5.291982316357665	-2.638575966853404	3.9839590556575244	-3.168554714215426	3.013106765451706	0.6810485607956174	0.4510846160774292	0.4803459516643418	1.3529426208920006e-05	3.068506532543601e-05	0.6597550298462502
Human_Enhancer_Villar	150418.0	0.17763007	-8.503194237619027e-08	9.200137895959415e-08	-1.3030545176206942e-07	4.6178843859934204e-08	-7.480598895881485e-08	4.7577689343825114e-08	0.025976544080109562	0.011605252311383995	0.01437983135552859	0.006219515030470056	0.019872870469681725	0.008978077587428952	1.0282365	0.28775770339404627	1.0153169751364859	0.19714084809141422	2.082983310478787	0.920920303365136	1.4577277256640122	0.6243097375489713	1.7550941559218902	0.777574910715289	0.9912289056416529	0.17348034081154165	0.9597271784448269	-3.28186547431655e-05	0.00020927319095752307	0.8755440682905014
Human_Enhancer_Villar.flanking.500	43891.0	0.09771591	-1.2892262191144255e-07	2.5574132678229944e-07	5.2348752888065064e-08	1.3193361780849955e-07	-1.4684754034988146e-07	1.207987878615313e-07	-0.0008435053474487083	0.010549241372456867	0.009113005954320848	0.006169917281061736	0.00022498588895853268	0.004562150994244442	0.0	2.1082119546788682	0.8159780007721111	0.272289226090805	-0.03371325766813063	2.888251637941062	3.224011766355241	2.145014065500196	0.09340756139225506	1.39138644606186	0.7966191844909086	0.2362867023845004	0.3904185103660802	-5.056296571086391e-06	9.817371690244408e-05	0.9589759209616959
Ancient_Sequence_Age_Human_Promoter	18074.0	0.06306354	6.706968065373076e-07	5.992423552925175e-07	2.044251914412598e-07	2.943301922186947e-07	5.048459001955052e-07	3.5110912222080515e-07	0.017484789291917564	0.009032954002628248	0.010642993545651614	0.004380766123631897	0.012241062347922231	0.004858839286790211	0.89733994	0.2729294318416837	0.9286200621004106	0.21018117880405812	12.22071017236202	6.019355499933338	9.173790093431052	3.8076269560802136	9.143265415930514	3.689984935721473	0.9065888490527179	0.20010853627559355	0.6411518911407268	-5.180237192710659e-05	0.00010397715157580342	0.6188867706203709
Ancient_Sequence_Age_Human_Promoter.flanking.500	23496.0	0.07181354	-2.8191567480462254e-07	4.1807354023148946e-07	2.682270228149264e-08	2.4075134774648177e-07	3.555159366896987e-07	2.3545476324215997e-07	-0.0026147765619972674	0.008260314296936456	0.00498219129745055	0.0049217743971086145	0.008964128269594827	0.004463377800650784	0.0	0.0	1.7392960566969164	0.7013954964106012	-1.0659938275121965	4.232944020536971	3.4117704356212135	3.1976657711329524	5.099047671262915	2.5246256117855523	1.698031815763515	0.6628063929011674	0.2935512000972089	8.018325173474389e-05	8.186307923313797e-05	0.3285321057291559
Ancient_Sequence_Age_Human_Enhancer	22927.0	0.0709535	1.297719336434966e-06	4.975275942342705e-07	3.6649117873821524e-07	2.945605217519187e-07	6.551431397383567e-07	4.148471930420783e-07	0.032252235508941116	0.010470753046898339	0.011041499894896823	0.00687460909885453	0.016430151280869176	0.008414254746530962	0.87065804	0.308099365834038	0.8956622672304831	0.17351605361360287	17.435144507146582	5.4228194683580835	7.46958523714586	4.640646535348517	9.488019277965009	4.779421669810186	0.8744129672923556	0.1554096376067866	0.4199961035613109	-0.00013097609449039976	0.00021148471301441477	0.536415877709588
Ancient_Sequence_Age_Human_Enhancer.flanking.500	40527.0	0.093967415	-4.7849077589035005e-08	2.860502661405917e-07	3.1782624887455313e-07	3.1428564284397e-07	2.3719563557733636e-07	2.0861403982053162e-07	-0.0018361450644730779	0.00978462198188799	0.013689556076655257	0.011422890025021703	0.009224194612978345	0.007019205427141074	0.0	15.342364316652686	1.0635931841409423	0.16517672885613052	-0.48820450740418875	2.902260670756747	5.127489933210251	4.295436949355298	3.054957083967326	2.2983122331391552	1.038359777075751	0.10891070844273068	0.7250511780585529	0.00010174480625120278	0.00015480664109068253	0.5117873246221971
Human_Enhancer_Villar_Species_Enhancer_Count	299759.0	0.5660099	-4.7478437181780464e-08	2.6361469451785524e-08	-8.377674554083114e-09	1.3521288977358381e-08	-3.1467546790509004e-08	2.2823641643299197e-08	0.025868525722895545	0.024418088417453018	0.03057122803294835	0.011628560075869075	0.022535122505685512	0.01624925897540729	0.80134153	0.567265991678357	0.9553758722720437	0.16797670506187892	1.0460319228353767	0.9722586655422711	1.5845588765036427	0.5995432867636346	1.0086402660581975	0.7274353998849193	0.9327098862119937	0.14746723048345006	0.6486678906051133	-0.0005190453600705256	0.000866277815752475	0.5497428103273161
Human_Promoter_Villar_ExAC	10784.0	0.048784982	3.8996196849439e-07	5.786410497421457e-07	3.087380946453777e-07	3.46653536098529e-07	2.199907527256073e-07	4.1983000187428843e-07	0.007596193338960137	0.005728470610989983	0.0068792875149606535	0.003520152894631653	0.006674326234486113	0.004066774843904581	0.92328906	0.39601726636755363	0.9490096881324107	0.28646300725220125	9.000068694782279	6.382472145697521	9.97149115423098	4.994069591516906	8.327590984328404	5.026785535503538	0.9264947377486349	0.28096172446991624	0.7938848517908164	-1.063517975760709e-05	3.5637344023892894e-05	0.7656879303445381
Human_Promoter_Villar_ExAC.flanking.500	2496.0	0.023514062	1.0388187092758017e-06	1.574661496306362e-06	1.575788701302372e-06	1.048177864504396e-06	8.939774431837577e-08	8.22159563540481e-07	0.0024162373078429346	0.00383523665475221	0.002957509851755784	0.0024972619154225006	-0.0002549192580110814	0.0019675624218914514	-0.09536077	0.7226742661136214	0.4095898320644992	0.2888029298778568	13.53546328570329	18.540754256151118	18.461979155334078	15.36555577990556	-1.2936320187901615	10.536143158147542	0.3998724447059156	0.2726317086292933	0.028868916554331214	-7.437569243137588e-06	1.6074797979619142e-05	0.6440956388268297
ocr_union	544077.0	0.31878924	2.3995880837901495e-07	7.033406035361622e-08	2.0686336199560174e-07	4.0846451554443775e-08	2.0870373873549397e-07	6.060568580323888e-08	0.1826214131260279	0.02862633964923063	0.15192367006935262	0.016432543398206715	0.1503937862030877	0.023832904742964407	0.9029035	0.08930969828451939	0.9476062533123191	0.096926284087195	3.9999493070521854	0.621505535792736	4.277097168777447	0.4336707586754205	3.6916556047530054	0.5328216549180311	0.9251245989693913	0.05725888639930195	0.19249588926897476	-0.006133356922483128	0.004641035686019178	0.18783562872856407
