ANNOT	NSNP	STD	TAU1	TAU1_SE	TAU2	TAU2_SE	THETA	THETA_SE	HSQ1	HSQ1_SE	HSQ2	HSQ2_SE	GCOV	GCOV_SE	GCOR	GCOR_SE	GCORSQ	GCORSQ_SE	HSQ1_ENRICHMENT	HSQ1_ENRICHMENT_SE	HSQ2_ENRICHMENT	HSQ2_ENRICHMENT_SE	GCOV_ENRICHMENT	GCOV_ENRICHMENT_SE	GCORSQ_ENRICHMENT	GCORSQ_ENRICHMENT_SE	GCORSQ_ENRICHMENT_P	GCOVSQ_DIFF	GCOVSQ_DIFF_SE	GCOVSQ_DIFF_P
base	82385.0	0.0	-2.2954586142986955e-07	1.6661981305787776e-07	-3.245467539159108e-08	8.307076626579146e-08	5.2571426323311243e-08	7.792500866798946e-08	0.0012929680240667783	0.0012199533181619406	-0.00021908564204675338	0.0008690066603156276	0.006677127747809273	0.0006216048888655501	0.0	33.41757738368146	-57.16453222843745	419.8803710042466	1.000000436538193	1.4329968243712523e-07	1.0000008411682277	1.5313645045974695e-07	0.999999495502842	1.673075096200147e-07	1.0	0.0	1.0	0.0	0.0	1.0
Coding_UCSC	2368.0	0.16713093	-5.35042545379838e-07	6.581211096090556e-07	3.0621939117736474e-07	1.6229066091000277e-07	-2.3102376900396848e-08	3.0507425208270433e-07	0.0006567947122286283	0.0008371964810129166	-0.00030316807248324134	0.00037720764677516474	0.0002725117597632861	0.00031128186407868	0.0	0.0	-10.795870989190739	29.76774169446713	42.319430494878404	31.93472022322597	-705.0627607715521	478.02820578414304	1.452420955424769	1.6012823934901077	0.18885610654608231	0.6346702754095952	0.2166238422788238	-7.627000105229487e-06	9.36876846443694e-05	0.9359683239760663
Coding_UCSC.flanking.500	7186.0	0.28225252	-1.8621327058099268e-07	2.548333100094169e-07	1.8354990860558473e-09	9.647381915556252e-08	5.1957787405854106e-08	1.2576053620705352e-07	-0.0015013619855769565	0.0013965731398907625	-6.659751082913285e-05	0.0005307747203312116	0.0009309828890554485	0.0006142327684194231	0.0	0.0	-122.1623449167696	792.9164665118122	-40.53956783194654	22.97790326535517	-30.541946839631066	22.592061274965623	1.750434921045032	1.0514058936119515	2.1370304304877683	15.282098890278448	0.9414676728579916	1.1888779749461766e-05	8.358673785971215e-05	0.8883934987928472
Conserved_LindbladToh	2402.0	0.16822375	-1.0711057711887406e-06	7.295183763744717e-07	-5.029359044783632e-07	4.1790610794123495e-07	2.379553762921205e-07	4.479380493194185e-07	-0.0005919089498903139	0.0008603480549899632	-0.0007257683956607197	0.0005881033564260234	-9.130832406162e-06	0.0005493502518237419	0.0	0.0	24.31563732316294	156.98934492187243	-32.72145289715778	32.76793443661892	-1544.788732266537	1087.379835671287	-1.113470969652502	2.801052044932622	-0.42536230727812585	2.957007182096248	0.6352915242849215	3.5225250572469494e-05	0.0002634994717103003	0.8950595083534794
Conserved_LindbladToh.flanking.500	28874.0	0.4772181	-8.924607186600042e-08	1.2104146662750281e-07	-5.849390660728204e-08	5.7255441276993224e-08	8.019234343237258e-08	8.486925651141064e-08	-0.0012178921579675105	0.0016735964277240735	0.000285591692641164	0.0009855933660130566	0.0033635399783654364	0.0009704771733578039	0.0	0.0	-47.52724990042078	25.430890823192794	-8.901393421425047	5.976358097958883	53.0305102199857	47.56447641023817	1.4515842425237264	0.42575977885318067	0.8314115072348577	1.1804953083347525	0.8879425529060012	-4.61744704271654e-05	0.0004548881466076991	0.920211330037839
CTCF_Hoffman	3355.0	0.19773138	-3.398330363779678e-07	3.4080724731211376e-07	-1.6937008240347495e-07	1.4626591848809767e-07	-5.1939014866775324e-08	1.3842489465787366e-07	-0.0011232266258157312	0.0010677800754279353	-0.0005070256120518288	0.0005403946518298651	-2.4004464061800756e-05	0.00045992146111501	0.0	0.0	24.314069092294158	2767.486251055361	-51.01571438735613	32.93802221000863	-838.8546855789587	613.0332463145535	-0.10967627806920234	1.7009695926290012	-0.42533487364388367	32.317414639095155	0.9652815435956794	3.23908093322903e-05	0.00018347205254198675	0.8617351475005264
CTCF_Hoffman.flanking.500	6639.0	0.27213937	-4.641530537696781e-08	1.7469632496158738e-07	5.701800809276847e-09	1.4575762463664432e-07	1.801081062069443e-08	1.0736640376762807e-07	-0.0001409361532702701	0.0012264167102832475	0.00012563689563756394	0.000933659708712763	0.0008944849519301717	0.0006652709246927956	0.0	10.13339711188752	-29.03829734492616	27.1089849982775	-9.7981458478371	13.705566795859053	187.03409571789888	115.65548762667576	1.6062355594444373	1.2011385283594203	0.507977520552168	0.7252089616753837	0.5056626883172874	-2.10849139525619e-05	0.00020102811398935155	0.9175660837856765
DGF_ENCODE	14952.0	0.3854384	2.6555161980468256e-07	2.7235782340540027e-07	-3.726855268837426e-08	1.0606340339336384e-07	6.806422447880323e-08	1.426300286766491e-07	0.0028209164385483545	0.0026636843964759167	-0.00015711028827870583	0.0009870852280982729	0.0014314775008354287	0.0012705799273706306	0.0	3.071106064910028	-28.13800917609151	448.2282376491473	30.955037795583642	16.325815385068463	-32.9138599150313	31.94575844891758	1.2614627631911406	1.0639447006269893	0.49222845143992605	0.5554539542437389	0.37209066928358636	-0.00010285936117151782	0.0003320808415159499	0.7601286843597932
DGF_ENCODE.flanking.500	38595.0	0.49898818	2.77831038175691e-08	1.1908041130936908e-07	8.362567882613803e-08	4.5754468658287806e-08	7.131723123166012e-08	7.522662315295747e-08	-0.0016951460647045141	0.0030807779519182172	0.0007521962753546533	0.0010442773250498338	0.004013397165153835	0.0017288432222616406	0.0	0.0	-118.75648709730648	584.5440394197902	-9.009245525998832	6.829514606671875	88.30323663034945	65.98860180418106	1.343183266472149	0.5223332221835012	2.077450518141896	1.8175520727668368	0.5603031887959249	-0.0001483473659607814	0.0014741082185473764	0.9208942958178339
DHS_peaks_Trynka	10534.0	0.33385655	6.940325647519785e-08	5.141919814377616e-07	2.8301732868385443e-07	1.4200804798747413e-07	3.282144120930752e-07	1.949279635482526e-07	0.0014288905000172832	0.0022210659227626045	0.001252464293784603	0.0010137479058843215	0.0016681834109354998	0.000945481247123283	1.2469862	1.1765556894135116	222.4042041666552	4006.792925837984	20.976731525186597	15.394617664498321	649.2556058801181	495.82474357613177	1.7603671743979765	1.1614998390501163	-3.8905978147061004	80.72552509257794	0.9523240011035035	0.000129504413243555	0.001901051991711585	0.9463999218877457
DHS_Trynka	15490.0	0.39059627	-5.600669084060428e-08	3.4402032156322093e-07	2.219210948339878e-08	1.4786806445954426e-07	-3.983349472491682e-07	1.8340848839670798e-07	0.0012562944653665637	0.0019237721312086265	0.0008961882742322723	0.0010603406140443417	0.0004522512420848442	0.0009293965705324403	0.42622057	1.6956004767829644	-28682.38330114046	3301.2064978130184	12.517131337835934	9.341140097942494	295.4607012827778	234.62340444030883	0.41337807468217735	0.743896249571812	501.75138644573616	58.8925669704149	6.699287813383137e-08	6.2225920663677e-05	0.0012269233670956893	0.9600803942112259
DHS_Trynka.flanking.500	29604.0	0.47964814	-1.0478204970354454e-08	1.5544274845069594e-07	-6.638364880018344e-08	6.031199717426716e-08	-2.4214326543869902e-08	7.864387896461267e-08	-0.0011573175608043116	0.0024512449134277904	-0.001241279318055137	0.001101043363501806	0.00350263776603388	0.0014726608963221046	0.0	0.0	-69.17537758700053	138.6580673593038	-6.729957070294115	7.200018431240626	-204.99770343591632	158.17790570613707	1.3325403094623334	0.5600488230554443	1.210110096074364	2.483570423921732	0.9334644503904515	0.00010943991245409331	0.001164568800175552	0.9261132579185414
Enhancer_Andersson	519.0	0.07910552	6.370643177433521e-07	1.5569563629469485e-06	5.350767082745733e-07	9.149721904577746e-07	7.392936254291271e-07	5.944169743088423e-07	0.0003512076516028024	0.0007705846152857011	0.0002691293022014704	0.00044739942797596913	0.00042134692156804867	0.00029572725328088685	1.3704946	1.6109464087133618	-41.00024789801019	287.446904657092	131.9067981763992	140.56095702556408	2607.8069081847284	1815.8494094262585	11.653029557202531	7.304064192554638	0.7172322819710564	3.8958165498851245	0.9428970683535385	-6.77194065596418e-06	5.402125918733566e-05	0.9015578620615998
Enhancer_Andersson.flanking.500	1625.0	0.13900258	5.195459493734234e-07	5.751804792453186e-07	-2.308953952478987e-07	2.4381091634495533e-07	-1.826565636520172e-07	2.140341877066021e-07	0.0006626383312326082	0.0009317056816274857	-0.000369822189806986	0.0003977396157796318	-0.00017623271309307045	0.0003402218322768845	0.0	0.0	-4.1360775403493735	4.151258803006439	52.12948327227283	44.34493471336191	-1155.8016062497302	802.5623554864828	-2.31126926803279	2.6259101086388674	0.07235391210446768	0.1094787266354801	7.063125084805222e-08	-2.6056795616809105e-05	0.00022334543790612587	0.9083491750297117
Enhancer_Hoffman	5027.0	0.23935829	-1.2040754882036708e-07	2.4709331114536326e-07	-1.795187927200459e-07	1.5718585189006262e-07	1.1197649740779525e-07	1.6128545610172296e-07	-0.00046707602114826356	0.0010252126285178558	-0.0006141379516493277	0.0006001581169790602	0.0008137952311690156	0.0006678525336128911	0.0	0.0	-38.25772868206432	276.87303444036496	-16.529140811322602	17.61335867504703	-590.9545602751051	406.3928295255593	2.1518286960859783	1.742719772309376	0.6692563936180059	5.301571912612487	0.9509071042084227	9.08307700314512e-06	6.223612323563282e-05	0.8855017559775928
Enhancer_Hoffman.flanking.500	5817.0	0.25606388	1.4775795875721087e-07	2.0797604349809262e-07	1.4495073230591515e-07	9.783989440848018e-08	-1.1091952956121531e-07	1.4472084330918733e-07	0.000825974436943145	0.0010811594536336339	0.001013288388106714	0.0005547601062268936	0.00021607617019818188	0.0007707635148022314	0.23618756	0.8136940090224937	18.24404533607596	33.536235892551446	27.713668149275662	19.094483817705687	877.5657768761517	621.1688020933027	-0.3009802523584293	1.6167084961158351	-0.3191497354193367	0.8209578909045043	0.12458063087394233	4.88244503100332e-05	0.00029533009369398606	0.8704371744666688
FetalDHS_Trynka	8677.0	0.3070123	1.5237715444982314e-07	4.4964076550968457e-07	-2.3800879489499494e-07	1.4113142299265746e-07	1.7266732754706027e-07	1.5972725009305577e-07	0.001241490135239724	0.002048898407513443	-7.910723714739821e-05	0.0009257541967226342	0.001179472994541629	0.000838113252611823	0.0	12.585787727165998	-54.577574952072744	713.6449809476537	30.210162199482525	19.350645607097235	40.01823967843601	90.86467745035749	1.6684532747782943	1.2310866579526747	0.9547454133617876	7.591513759844935	0.9953058193251672	7.688447228653044e-06	0.0003031438194149091	0.9800304075418702
FetalDHS_Trynka.flanking.500	19578.0	0.42570847	-6.316361833569317e-08	1.5081420201568108e-07	-6.845076505612724e-09	8.490555103435327e-08	1.3401907139609648e-08	8.724220634803714e-08	-0.001504915023380753	0.002431140980384659	-0.00024215213010485596	0.0010224565406643786	0.0017684804070903332	0.0013080189872416296	0.0	0.0	-58.85522673593481	54.426802962528306	-15.97099652271553	11.397047588671963	-128.80305778357095	103.72532129290218	1.0151190457511725	0.7803546923514532	1.029575935314945	1.8851301135691032	0.9876460257261392	4.3500395574093074e-05	0.0003416336125649089	0.9000167346522614
H3K27ac_Hnisz	47963.0	0.49323824	-2.460242320978523e-08	6.017507558908619e-08	-3.310832497049887e-09	3.6235174860621555e-08	-6.02223337864416e-08	3.8571819516164396e-08	0.00013392175654541524	0.0010455549897017598	2.8292087144736813e-05	0.0005841911905845035	0.0035831889625821045	0.0004391450174194906	58.211884	75.52641136532237	-45.917413590145024	34.95016152532562	-0.4062386531073101	1.3254760623376673	12.30006192041994	10.543090758644366	0.9481304769860637	0.10029502577284206	0.8032500538384996	0.9082604453467612	0.8308112262272334	-1.1622534683455514e-05	0.0001521727106730157	0.9399174824856698
H3K27ac_Hnisz.flanking.500	2613.0	0.17518075	4.803577553502691e-07	4.380721350116801e-07	1.3059588077624085e-08	1.4658775171483285e-07	6.330841273438637e-08	1.3104819629461417e-07	0.0010257774967005466	0.001047679689871866	4.587905707855816e-05	0.00034369981314552714	0.00045350685122315924	0.0003008190617177497	2.0904994	27.754050519293315	-19.16872677491188	58.236307153978395	40.66046167544905	32.13755733768283	148.58926459852088	141.90524971401368	1.8010838127407176	1.432476993054789	0.33532552489559386	0.5034393624084335	0.20243086251035436	-7.912651264947187e-06	8.677116195242372e-05	0.9282962658645375
H3K27ac_PGC2	34569.0	0.49334365	6.370781591158448e-08	8.279013030687565e-08	3.3920890984973084e-08	2.7032680094407624e-08	7.267880164363305e-08	5.464125862886249e-08	0.0008413693332879977	0.0013751823884230144	0.0005966390684398869	0.0007171228590692402	0.004258481478998004	0.0006588324968257469	6.0104303	8.96643097711424	-4317.66018126434	17947.163507006007	2.2290936234601757	2.5276970551039213	95.34315425380672	66.74145586907584	1.3936954753038282	0.2545335401045066	75.53040343285531	266.3762061557734	0.7826590304193604	3.5786638739101696e-05	0.0003163680544671646	0.9111243615843532
H3K27ac_PGC2.flanking.500	7745.0	0.29177654	5.745271991486334e-08	2.117043891303183e-07	-3.299204820450541e-08	8.507517890166127e-08	-1.2501131152475864e-07	1.029532370466768e-07	0.00020848811300438683	0.0015168809534672786	-0.00028871029574591655	0.0005206941011969065	-0.00043405000662012226	0.0007157077774384087	0.0	0.0	-20.385086877846316	14.022539138027057	1.62101909149889	11.525651595709629	-177.66101451863756	103.35841818837677	0.11401988261623941	1.126904853828366	0.35660375556620777	0.49159108728315504	0.2062110012549725	2.5279808638453244e-06	0.00016564254247175615	0.9879825468428509
H3K4me1_peaks_Trynka	20094.0	0.42945206	1.21664683661038e-07	1.7620403980345145e-07	-4.89319447183334e-08	1.0118098003886189e-07	5.846091255534702e-08	1.4350692367770534e-07	0.001101914339723703	0.0015166709938486704	-0.00015493551580027503	0.0012787120673914045	0.0022618048219500368	0.0013443731516162936	0.0	14.084672453035017	-50.090121580981105	5028.868290925037	6.794614079740437	5.91431492666388	-23.37881616238436	44.229510263861265	1.4389226035737979	0.8499397438079193	0.8762447557659352	10.983260129860575	0.9911273988584934	-6.403499974195114e-06	7.9057110173859e-05	0.9362903568594734
H3K4me1_Trynka	47029.0	0.49502656	-5.336150366019865e-08	1.1291798784895946e-07	2.5693365657275535e-08	5.110953082976266e-08	-2.5121474678257982e-08	7.192188178350989e-08	0.0004428085727001974	0.0015995034854315855	0.000498982188762799	0.0007577471100651202	0.004938944551033591	0.0009479842994615652	10.507118	40.36311598785622	-147.53475019784273	2355.529432268518	-0.008017019868375663	2.0889031883716545	54.331751908070004	44.217171765298566	1.291504087020881	0.23269963133206256	2.580879164868756	25.817098334017626	0.9518125504366688	3.1866963819377996e-05	0.00035073579166922336	0.9285568877170389
H3K4me1_Trynka.flanking.500	14516.0	0.3811253	-3.09820542554462e-08	1.3457659520099696e-07	-4.627472804941135e-08	7.868435147884156e-08	-1.5813125742170087e-07	7.978727722957046e-08	0.00012738218729618344	0.0014972220105250419	-0.0006612919756364078	0.000889065099188067	-0.00038444953475194133	0.0010074920886015356	0.0	0.0	-19.926300859087156	17.811357780706235	-0.03151836949370079	6.680064404282862	-151.88831000329267	118.34301552563585	-0.2907180909956588	0.8652566232265125	0.3485780445024701	0.45568047193776406	0.16908125449560618	-8.31941621063626e-06	9.38356409968475e-05	0.9302804116358077
H3K4me3_peaks_Trynka	4800.0	0.23428346	-1.2505833524301124e-07	6.220736281647987e-07	1.7942075203336572e-07	3.712275997713732e-07	-2.3274706961728953e-07	1.8127057899164356e-07	-0.00038449804285945865	0.0019395863407390703	0.00052405571760168	0.001014350343617513	-0.0003466417595976968	0.0006819049949082789	0.0	2.098114745461713	748.7022051021494	2207.465238944361	-27.127892701758014	28.29557851270312	692.9433004893515	406.97442755898714	-0.047947057456813935	1.7389560595518294	-13.09732059225519	38.01152345590238	0.7148374029973867	1.983070402858052e-05	0.00016937152092341506	0.9080222516996368
H3K4me3_Trynka	15526.0	0.3909561	-2.3173534202669543e-08	2.0296084812798654e-07	3.652651514585159e-09	1.1075113803826753e-07	-1.7816464747966165e-08	1.3275943899770937e-07	0.00021970960376191222	0.0013443109742618585	0.00019954554059497523	0.0008818152478797428	0.0007224304128375085	0.0010887173060330822	3.4502494	29.637056200237588	-55.027578652685776	291.13376368741	-3.5852109381863855	5.6449026802802384	81.96149608513169	59.33209350315705	0.7124331767914602	0.8944535512725735	0.9626174921328472	1.780607948783571	0.9834691633437187	-4.149635046294006e-06	3.261811787959595e-05	0.9001040523073851
H3K4me3_Trynka.flanking.500	12376.0	0.35717317	-4.9485908704127723e-08	1.4712364304614312e-07	4.8275488495619356e-08	8.636138915107949e-08	9.01528593999501e-08	1.2066718113601382e-07	-0.00038386423824330034	0.0014566205092476562	0.0004554227056762395	0.0007896638740856812	0.002272040371254754	0.0012011764546854171	0.0	14.001852789968005	-117.00061354173239	613.0364265498253	-1.4798902012582007	8.583146556234592	168.06009162685632	159.59783161905045	1.9325333372558346	1.1523673718359149	2.0467343819797494	6.486923913240452	0.8735128007450252	-3.379508241497091e-05	0.00019764926251433505	0.8660432365714794
H3K9ac_peaks_Trynka	6605.0	0.27148727	-5.345019076230528e-07	3.7392268836811127e-07	-7.566001158920699e-08	2.496482522929e-07	-1.5105621287148097e-07	2.177983589035648e-07	-0.0022079006974779786	0.0016681538728963669	-0.00039237137964124983	0.001106150167381825	-0.00022902414301966196	0.0009613249409171306	0.0	0.0	197.0724675437646	2716.5133061630763	-56.759692005161234	35.055628481316944	-402.03167464915634	259.7964263313762	-0.0487367153583505	1.7941011765394677	-3.447460511987319	41.07045001176482	0.914902192678708	7.977755651987473e-05	0.0005408675326443995	0.8842919517927945
H3K9ac_Trynka	20284.0	0.43077925	1.2309070029914437e-07	1.5238546779983153e-07	-4.8815142150715474e-08	1.1010037326286692e-07	3.5736262837815502e-09	1.1889005691045895e-07	-0.0002495129346973728	0.001583467171955043	-0.0004980776602861042	0.0007396725868387768	0.0012563661720967534	0.0008322038848972673	0.0	0.0	-35.911852182363084	45.67538268808082	-4.564342912925038	5.831360918277506	-128.17541551786198	92.74940289508709	0.7807889261416128	0.5340745614170114	0.6282191208852075	1.118650253998932	0.7432653242198981	1.620269753216901e-05	0.00011148787486080398	0.8859798453982477
H3K9ac_Trynka.flanking.500	15139.0	0.38738102	9.463428796152584e-08	1.4262440117818187e-07	1.8588435679589566e-08	6.405606711723522e-08	8.380591509649093e-08	7.324474182723861e-08	0.000863452502370523	0.0016500118757326859	0.0005932519559507239	0.0007967178145121504	0.002568667110950244	0.0008975477480130025	3.5889633	6.887209463809871	116.75386767897274	5284.543474978186	7.202379107769126	9.071293238085698	231.86307327015749	179.35924524849833	2.0100545582200002	0.697542932903445	-2.0424179666582067	108.48134409843279	0.9779183163086269	3.8412690831806864e-05	0.0002752197337331307	0.8904678260509153
Intron_UCSC	37274.0	0.49789262	-1.9855065147567075e-08	4.52034001341417e-08	-1.4716757590349516e-08	1.72021934474742e-08	5.764547061914982e-09	3.004027959718769e-08	-0.0007963072829961747	0.0009130232688398354	-0.00035227730581259727	0.000578284518105774	0.0030378468809934764	0.0005859312526853149	0.0	0.0	-152.99690913002308	1352.1148049016044	-5.044530024092034	2.8852797827430217	-28.735171410423	22.91721433187793	1.060702213926721	0.17980581631039852	2.6764307021463254	25.327686790424945	0.9479183551104391	1.922712617022101e-05	4.8377364539190495e-05	0.6954722243644609
Intron_UCSC.flanking.500	1790.0	0.14582844	1.0924415505542129e-07	3.702110689118854e-07	4.4947827859687095e-07	2.6640771011443576e-07	1.2012711181341729e-07	2.5444680318287283e-07	0.0007214263698089488	0.000625217990167094	7.03995411185546e-05	0.0004289246284214099	0.00034853757975976775	0.0004427624868264172	1.5465668	5.187461268109368	-78.44359487878319	789.0860829199787	68.40100605008426	38.05987867852405	47.56931777251197	108.9195584541162	1.3714475772116255	2.9769130846317178	1.3722423996283506	5.081042891815206	0.9423641741263977	-1.4268420414361237e-06	4.3649749281260174e-05	0.9742640012172521
PromoterFlanking_Hoffman	962.0	0.10738023	1.0073706135926841e-07	5.548628223550622e-07	-2.4903263806663745e-07	2.2778004904466798e-07	-3.979643992124693e-08	2.9418254143820377e-07	0.0001313432498156942	0.000526259374354747	-0.00014472785332154942	0.00022891050496534127	5.530660640798817e-06	0.00028611806991524246	0.0	0.31539486348629	-4.392612702152527	7.016643401730137	20.77543454317305	36.52038092760495	-783.2726298061677	557.3306949916622	0.16283198342069685	3.660726137998278	0.076841575202593	0.16444648044712876	2.0573413648250494e-05	-3.201652032582882e-06	9.200580416286722e-06	0.7316780828186529
PromoterFlanking_Hoffman.flanking.500	3109.0	0.19062187	3.6134351066863246e-09	2.9776037990814075e-07	-1.5087413540726402e-09	1.8472324825324904e-07	-3.3591533110666205e-08	1.294716724942191e-07	0.00011030775370483858	0.0007409367900872688	0.00017143827712774875	0.0004473715195754544	0.0003077652924528552	0.0003660481108680208	2.2380135	5.541630924834976	-61.350044386513694	937.5919145676248	8.04094219069002	16.471478231579464	282.57789321676455	228.31478538452612	1.4613399809625864	1.4400943838659863	1.0732186898923681	20.532536456891908	0.9971919381311298	-2.0510592003615047e-06	3.163371337898075e-05	0.9489805092087336
Promoter_UCSC	8050.0	0.29704502	5.8853995454910546e-08	1.7315571199105761e-07	-3.8324831308500507e-08	5.64761428734073e-08	-6.873911662097498e-09	6.946292785414698e-08	0.0009257583668555412	0.0009412213122995984	-0.00019632449254821245	0.00043920289145147115	0.0011208496179109472	0.0004332217776610357	0.0	9.266605949401859	-16.974884779606327	23.529630346135278	12.634024016761618	9.058501506643443	-118.78179067142783	78.35968740392751	1.5058610169822475	0.6959145064267513	0.29694784716810624	0.47857424022166073	0.1581810701254296	-1.763860799322185e-05	0.00011543497410678881	0.880166069187478
Promoter_UCSC.flanking.500	1769.0	0.14502336	-8.790267997937917e-07	5.050777076576196e-07	1.1628213059111658e-08	2.67297878053796e-07	-3.0816772778052837e-07	2.4003983867260104e-07	-0.0014887879227355155	0.0008411098267947379	2.7979110637121437e-05	0.00046666272520970984	-0.0003940116125369351	0.00040496763056425283	0.0	0.0	-51.27340715755663	218.21044031508276	-121.16761991768112	61.362086615881815	86.6560873732116	106.80802997534433	-1.282672219453381	2.7465211853325693	0.8969444016905612	4.284996468744448	0.9810632545265097	7.801290654564501e-07	5.442634021075773e-05	0.9887132225183828
Repressed_Hoffman	24753.0	0.4582951	1.9996151934265072e-07	1.0972342323611883e-07	5.7882640902562343e-08	8.316569477528901e-08	3.1008834611157e-08	5.5601908854896465e-08	0.0018147498630995953	0.0011340539647862623	-0.00019811481297851577	0.0008636635114624331	0.0025063014601986143	0.0007745920631417806	0.0	6.2804982515705685	-36.55202975794319	435.5055501475422	12.437625167016108	5.9926594000502265	-20.69520330087914	23.769971058009595	1.1780822025600195	0.3817967582992685	0.6394179805736216	4.262551728127116	0.9334699574385801	-1.205131541718607e-05	0.0007471837183838796	0.9872996548693787
Repressed_Hoffman.flanking.500	18411.0	0.4164513	6.929868590077604e-08	9.094416952848405e-08	6.440691890929884e-08	6.025939569553884e-08	-2.9587400973696276e-08	7.247037814295254e-08	0.0002505959164565254	0.0014143946031984981	0.0005806359451670719	0.0010590749305977932	0.0007571852001172132	0.001059715525356672	1.9850122	95.54790820583699	-75.87681368931261	524.8315908566502	-4.5651818073440245	5.399290536885549	147.98127820696286	110.3577995299756	0.5859800779266905	0.6928068818200456	1.327340760632804	6.359112860325289	0.9594836793510579	-8.914866272485726e-06	0.0002503366473064717	0.9719636110276832
SuperEnhancer_Hnisz	25000.0	0.45967865	5.313707873710882e-08	3.752133181933459e-08	1.0963411511966115e-08	2.1499142022207707e-08	3.21035322770058e-08	3.21031627947832e-08	0.0010540316236956823	0.0005964645264977853	7.783963600072876e-05	0.00043775348405347345	0.002366005258399675	0.00047958233445739	8.26016	47.90332799936501	-58.50256119233	619.80253538465	5.102567356086215	2.1870532688114266	29.38673376204927	20.037120771943076	1.2044463117603277	0.21750858566183015	1.0234066284063272	5.6026930788720986	0.9967102038456028	2.3182371408981337e-06	0.00014726343939199828	0.9876042636926221
SuperEnhancer_Hnisz.flanking.500	444.0	0.07322353	-1.5576968053210294e-06	1.0984356322296662e-06	1.0011745388283089e-07	2.933228131496435e-07	4.164464542100177e-07	5.555574489335413e-07	-0.0005961955295067283	0.0004675734039563171	5.14183190328975e-05	0.00011720719597300375	0.0002310583417832822	0.00024157212034857256	0.0	0.0	-33.397701868195625	479.1520218664794	-208.71333877793126	117.7358373735596	497.1884555714044	420.0411198585212	4.543163019740449	6.770518425058366	0.5842381729764489	9.118483550179526	0.9641084749451505	-1.7904715063935464e-06	5.622987605084835e-06	0.7536399753213483
TFBS_ENCODE	17915.0	0.4123243	-7.427495063438982e-08	1.2043781794091046e-07	-6.917680206441901e-09	5.309959760779748e-08	-5.790003143602007e-08	4.55111361929994e-08	8.137206540794958e-06	0.0012984827926879575	0.00010702013913230679	0.0008726322659062211	0.0004913865786428057	0.000536612684450005	16.651482	11.716110624699333	69.62502264295767	582.2891395400758	-0.8469476868852176	5.149377885779612	53.367251844688624	43.97226304459918	0.37816201622615353	0.37069351999781264	-1.2179759009437243	11.14201130559446	0.8443272679829046	2.236307560414019e-05	0.0002194235425251062	0.9198901557177677
TFBS_ENCODE.flanking.500	21172.0	0.437077	-6.536768637488422e-08	1.489700593992893e-07	-2.815445832027308e-08	6.230520455119404e-08	1.1826099211020846e-07	8.405668694422275e-08	-0.0008337125689287135	0.002132494679190172	-0.0002874130544976549	0.0010353038005390068	0.0038319806347674725	0.0011497121629283995	0.0	0.0	-50.55817249051445	33.56467046769334	-8.432345106670333	8.823032070611657	-86.05817085679259	64.35630971006489	1.9886178953980989	0.6764622060472526	0.8844325409412419	1.4096578047998987	0.9355180218596093	1.5905219180267642e-05	0.00013135535593922709	0.9048947555467146
Transcr_Hoffman	36051.0	0.49608883	1.915948359965114e-07	8.312647992170241e-08	6.230452243016771e-08	6.281614872705177e-08	4.9431882587214204e-08	4.8767457627718613e-08	0.0004080843478500157	0.0012297705058231618	0.0001357733271656848	0.0006934146656714968	0.002344648085277917	0.0008361108329488188	9.960829	24.20308601201211	-146.61826616276642	829.1062692862859	-0.15927366243202812	2.325002296914501	27.123388654383653	21.202513360205657	0.8995468915826702	0.25750377400699703	2.5648467755645994	10.706618499960772	0.8853370362943302	2.2792170715203934e-05	0.00019452845172860354	0.90795798382953
Transcr_Hoffman.flanking.500	22619.0	0.4462186	9.04324082284802e-08	5.754618470632522e-08	1.4968538408766108e-08	4.3579504449553497e-08	8.743346313622169e-08	7.55556541776059e-08	0.000983294412085659	0.001017775687258322	-0.0001335110967886292	0.0007090168564657779	0.002892738797950115	0.0011326266040031503	0.0	20.64339853361292	-55.74842566696218	227.01593344055627	5.280365527712276	4.258906251935443	-8.136491052503212	19.04061548975458	1.4176462613403236	0.6416302767282297	0.9752275317181585	1.7686425584227328	0.9889708370660675	7.197027731540842e-06	0.00019287232668021472	0.9706231335560815
TSS_Hoffman	2739.0	0.17929061	1.66991242167569e-07	3.367186707237124e-07	-1.597798018337926e-07	1.6857849516327406e-07	1.2029890683606936e-07	2.11112663350832e-07	0.0005865676764585013	0.0005961356435110882	-0.00028112427706238877	0.00036252231998629007	0.0006554133797063533	0.0003949764107702799	0.0	0.0	-10.347600608059686	12.415891607361186	36.30545619629651	21.799087766723915	-538.6565352452941	378.99807638796096	2.9641640040116317	1.7137192975350524	0.18101434936455404	0.2759357402174596	0.007901065212212455	-1.2049849624435452e-05	7.417988122692179e-05	0.872673778115677
TSS_Hoffman.flanking.500	2681.0	0.1774681	-4.43208492129088e-08	2.6670758757063595e-07	1.7975675348225195e-07	1.9410407503528404e-07	-3.4767776924127247e-07	1.848139845606056e-07	-0.00011602522629571075	0.0005920133524131148	0.000464257330112576	0.00043475144023180786	-0.00042520960853264524	0.0004114515173603828	0.0	9.117684054348507	-13.695989709397441	99.49161983314909	-8.909506475818013	15.237261021804283	876.5031712812755	642.3375733390568	-1.4098054483103581	1.8101988382554226	0.23958894047564938	1.82939136615165	0.6823132140862525	-6.0206800584766865e-06	3.8456908524264276e-05	0.8772459199680755
UTR_3_UCSC	2075.0	0.15663654	6.206113880580233e-07	6.417121198865061e-07	-4.148847096985264e-07	1.6730838581224816e-07	9.437112424848237e-08	3.0695142072545423e-07	0.0007123563308586358	0.0009853135933016162	-0.0004136569147825893	0.00021982670747133472	0.0002905165050704087	0.00031464450131934063	0.0	0.0	-9.163242242235505	8.783858869495996	66.80824542977965	46.103156456047316	-1062.6149195552882	738.3655912315776	2.5968189559111763	1.908746957021754	0.16029593674654607	0.22707582709179416	0.001527030787241035	-1.982418551160835e-05	0.00012455384089154228	0.8752212624465878
UTR_3_UCSC.flanking.500	3640.0	0.20550211	-1.3738134896357224e-07	5.516079113476735e-07	2.619506034307051e-08	8.31096400588649e-08	-1.5758136839849612e-07	1.3242878083019605e-07	-0.0006487320974770859	0.0019394525768285844	9.014079635528819e-05	0.00025390122368161756	-9.416635484889497e-05	0.00038690369639685936	0.0	0.0	-51.06478627078054	61.52209402941048	-60.35788343352874	47.11335301585466	165.28458292234055	131.63386700577607	-0.8258895115079041	1.3123588855073622	0.8932949204712902	1.0124264631184066	0.9171668174512329	-1.851176470524386e-05	0.00012521466459505535	0.884026508386315
UTR_5_UCSC	1108.0	0.11518551	-1.0199383382314409e-07	7.486460731342959e-07	-1.0054688459604222e-07	2.1058173160781735e-07	-2.0198913830427045e-07	1.7073715241622267e-07	1.7849599917797634e-06	0.0007773111742268613	-1.758990524519838e-05	0.00024605070498644297	-0.00010775265643497226	0.00020579018642023723	0.0	12.52049001195984	110.90448634442035	1069.8948984276408	-11.730193344077623	56.150249967915954	-155.6509068706491	147.66582016082498	-3.0229512327185595	2.304406947646188	-1.94009260674487	22.3302016859241	0.896633980469963	2.2794241126623492e-06	2.0935653871115075e-05	0.9144412142385663
UTR_5_UCSC.flanking.500	3804.0	0.20987895	-8.90803164566023e-08	2.4154280708899023e-07	-9.199916917168593e-08	1.0040379549991485e-07	9.444465121077883e-08	1.8313279781523306e-07	-0.0003845705986728768	0.0007540535861209015	-0.00031197765295708354	0.00030445907579659397	0.0008730442075670911	0.0005946797015577541	0.0	0.0	-41.955245033707484	67.00864373215109	-22.050096694198558	17.375667707985176	-336.65357908381753	239.20551009029214	2.9463809126967138	1.9026564773665438	0.7339383949832471	1.7627846325495724	0.8816198375046451	6.979229138591698e-06	3.647892902095019e-05	0.8503028697719708
WeakEnhancer_Hoffman	2661.0	0.17683178	-2.6770797134645363e-08	3.581469059099618e-07	5.440775225906691e-07	2.3191097398012062e-07	2.7013501835426723e-07	1.9102922976799164e-07	0.00014457858219604975	0.0008934285926117075	0.001468918771376707	0.0005454409266636576	0.000812589213499084	0.00043725378769629157	1.7632755	4.349322366928625	9.130925985470277	7514.118559600165	17.002027504117905	24.15942825049363	2595.0120620414064	1959.8353772202192	2.8378267390121295	2.0881335576878044	-0.15973061668696636	128.44634574041203	0.9928901989526182	1.4989763167507744e-05	7.87495309068488e-05	0.8510559819864414
WeakEnhancer_Hoffman.flanking.500	8284.0	0.3008044	-2.472924620633421e-07	2.1096164459777356e-07	-1.5556381072201475e-07	8.373847038001259e-08	-4.081341842265829e-08	9.080612528578058e-08	-0.0017357331607703078	0.0015249805099650123	-0.0013087657192058897	0.0005329532312840862	0.0003939528820650002	0.000670230210357323	0.0	0.0	28.243226273671894	174.02939364338297	-32.92738678273566	21.704688061784964	-719.8079766995429	553.8865020074229	0.39855227609203214	0.9899977890154306	-0.49406905248184346	4.196182188421514	0.7257227677757614	0.00013067269256933519	0.0008465551915246579	0.8789551879249218
GERP.NS	120559.36	1.3890156	6.676295072338689e-09	3.335804166226808e-08	-2.2828212653536184e-09	1.700363227996604e-08	-2.9159664904909732e-08	2.644100227655599e-08	-0.0007493061361681635	0.0035413593143659656	-0.0023125033401188606	0.0020742548252935464	0.007875027744540637	0.0018511836039223602	0.0	0.0	-35.47188921966095	32.48407448019533	-2.313134114419756	2.484729173701732	-75.53104603973635	51.28130881271826	0.8194678872065098	0.18117809135596205	0.6205226884024928	0.8032990787847158	0.6420230797591024	4.132993350761563e-05	0.0015901468021398864	0.979535350628643
GERP.RSsup4	438.0	0.07273174	-6.912297294547898e-07	1.4201860949469847e-06	-7.865776296966942e-07	7.833653512534511e-07	-8.228331580539816e-07	5.396931328505161e-07	-0.00019125000549007092	0.0005324366545171253	-0.0003564281206791043	0.0002654843629016145	-0.00028341187465244413	0.0002024380308337585	0.0	0.0	143.17953446679928	33.61031745276776	-41.243489196803395	80.63844697029755	-3809.361213490616	3076.9591161771177	-6.719635327889061	5.554776493490688	-2.504691788513792	0.5542590769098368	4.551659145590747e-06	1.6851115558214249e-06	2.4850757221998657e-05	0.9466459832964322
MAFbin1	5546.0	0.25059277	7.66922809702919e-08	1.142158581046715e-07	5.793155288813523e-09	6.921721507069378e-08	6.682491004994517e-08	5.8615068354583855e-08	0.00047100951314763993	0.0005068785364781919	0.00022350132491301552	0.00037870560109245816	0.0006539866337300174	0.0003368669255570524	2.0156448	2.7367256939594546	14.703421695625153	90.5026889248492	7.6398538758928405	8.369274410689531	212.08878817317049	150.5564557421143	1.2798208253546095	0.8064403355429126	-0.2572123154418237	1.9925487178753147	0.5355857122040333	8.508905410703616e-06	7.742349158403244e-05	0.9136405384371917
MAFbin2	4701.0	0.23193118	-1.3850191749043006e-07	2.132785823505401e-07	-3.7808057129495865e-08	1.0154754193081317e-07	2.49005665864388e-07	1.2099521029540483e-07	-0.0004667543210590142	0.0008697711253452945	-1.1790096654837746e-05	0.00048057311940306023	0.0014725816296320114	0.0005634192874152016	0.0	0.0	-43.33905103857171	34.023942671098894	-9.179993425221296	10.637631606734061	7.128746774163681	45.79850118142055	3.524735500994884	1.530000835944911	0.758145817854029	1.225404810451725	0.8456366246149596	-1.3253789643348667e-05	0.0001468810738622133	0.9290450696413706
MAFbin3	4115.0	0.21775343	-1.971930032595992e-07	1.3983522251237446e-07	-5.8022551208125606e-09	7.408076641013395e-08	-1.0744359180137053e-08	9.083892393846327e-08	-0.0006532492451632179	0.00044475338248556784	0.0001735288529474973	0.00027642289176162436	0.00025488728427933014	0.0003289874133102593	0.0	0.0	-10.33823774674911	12.942949732484278	-21.43848259216756	13.369191216329611	200.98776914058973	142.73807247806423	0.616926455078153	0.9738958871341797	0.18085056141867947	0.32886295550989475	0.022163413353485595	-8.690548129075557e-06	2.426529455417526e-05	0.7241813652684819
MAFbin4	4602.0	0.22969551	-1.1349676043437285e-07	1.6754235332427925e-07	-1.0913430514847278e-07	6.821008469160006e-08	-2.8096692972212622e-08	8.342559709717534e-08	-0.00040289354173746053	0.0005755229194622733	-0.0002784167129068772	0.00025712841273577326	0.00018328612553106363	0.00035327569976366916	0.0	0.0	33.18352286943061	2509.893328603098	-16.434353469365156	11.112627901063453	-266.96213259490554	211.54231070520856	0.6995202534281264	0.9604109247118225	-0.5804914616781017	41.80783937912228	0.9702385664942033	6.278239321161034e-06	4.359956957618276e-05	0.8870186138042153
MAFbin5	4223.0	0.2206258	-8.458234646013807e-08	1.5961281008003425e-07	-1.0014149154358165e-07	9.808073286876606e-08	2.1924433823983236e-08	1.424804736416263e-07	-4.950727787605589e-05	0.0005714335101179517	-0.00021168346727062435	0.0003821128206513625	0.0003904611836383203	0.0005594690001823382	0.0	0.04520808868110184	-18.65219519313533	17.963692508255868	-9.79489972159705	12.433949935101136	-148.5612060022579	135.28487248725753	1.1854533118151658	1.5883926512386377	0.3262896496484666	0.493504928302163	0.188152309557303	-5.389058606475578e-06	4.6753324848665834e-05	0.9094439338053861
MAFbin6	4766.0	0.23352472	-1.2241360991538386e-07	2.3180548680556967e-07	9.79723413507827e-09	9.822460356190277e-08	3.439745910327474e-08	9.484587337738049e-08	-0.0002923559334623367	0.0009697199866782201	0.000295460202504238	0.0004194745357591475	0.00046338052852914384	0.00037791973559003013	0.0	4.542919185305902	-45.531767109721464	288.38918921818134	-11.912652629659824	17.498053017732364	375.29138350845994	292.2705691906131	1.3371822708424768	0.9890595279868352	0.7965037993798352	4.025724588997109	0.9602125696019281	-1.1585470511883275e-05	4.913400490974445e-05	0.8161160561768355
MAFbin7	4770.0	0.23359206	9.501746234263919e-08	1.7220628478753497e-07	-1.8345743058034714e-07	8.099195270006021e-08	2.5930262381734792e-08	9.514092624840487e-08	0.0006621711166835955	0.0006681037299035872	-0.0006496898647835334	0.0003614959993525302	0.00036839958346986194	0.0004056510357728671	0.0	0.0	-3.8827169790096314	4.162213919735177	21.905243220493418	13.93068043861698	-624.4810401350222	445.40614745887615	0.9365401996129201	1.0289778123407638	0.06792178344946045	0.10988850975864249	6.95327426747383e-08	-2.2651656654858575e-05	0.00021735954663789535	0.9180926560596976
MAFbin8	4907.0	0.23675336	1.849263497888387e-07	2.1283000251060002e-07	-5.425927440683154e-08	6.645018402196001e-08	1.755439313910756e-07	1.7086033210489404e-07	0.0011681882574416723	0.0008281742378166332	-6.462060862504808e-06	0.00026034673380832547	0.001168527838811421	0.0008156909956439772	0.0	20.549625412308085	-57.2269323943696	413.61047074288285	34.92896336352163	20.326905560615025	-33.51533693365866	59.7178639458804	2.9067012447826452	1.9880968289658039	1.0010915888488825	3.681559375493566	0.9997665168388454	-1.801034885881245e-06	3.0098557214537903e-05	0.9529096400946309
MAFbin9	4508.0	0.2273868	8.016652230935506e-08	2.0338313788670348e-07	-1.926005097629968e-07	7.38053316240439e-08	-2.7487178044793836e-07	1.3178443225569936e-07	0.0005368829836832761	0.0007937397625072977	-0.0006379119334701286	0.00035844235222764445	-0.0010374190295520812	0.000537032063910205	0.0	0.0	-1.9421897140364415	5.436900401279699	12.58412593056297	13.782973058677575	-645.0581873555576	495.703656443297	-2.213169074438631	1.5375472620658936	0.03397543263846156	0.08545098724921811	7.048379657703663e-10	-1.39349314157169e-05	4.5545409417604425e-05	0.7629645854888911
MAFbin10	4901.0	0.23639975	2.923845521252133e-08	2.2710015912252857e-07	-8.810870610886923e-08	5.8090527943477355e-08	1.3412279997737642e-07	1.864370773319024e-07	0.0004738674784363537	0.0008095107325908213	-0.00023421239838021258	0.0002491716606864572	0.0009569405966084312	0.0007821674623477864	0.0	0.0	-47.65832084997949	268.52679108432073	11.21271480375014	11.995277420806776	-201.38138842049364	160.05005178483898	2.2675765249317865	1.9186581629179966	0.8337043791337291	0.6967240389110507	0.8139074937700967	-4.138545753774928e-06	1.9903905980658488e-05	0.837499048097037
MAF_Adj_Predicted_Allele_Age	-3055.8923	0.7074667	1.1967448365624023e-08	4.853004753613277e-08	-1.8169966864434173e-08	2.669572829461231e-08	-6.244184902470806e-08	3.187620123412671e-08	-0.000809757834281443	0.0019878466923191466	-0.0007004839949170487	0.0009596748012655418	-0.00285036595821817	0.0011317679751546607	0.0	0.0	-1.175614364578815	12.778372830853838	5.044859740083485	51.01289382510012	1398.3995690838005	993.1838514328164	10.196020181474669	4.310537554328629	0.020565450616842205	0.23695620146504975	0.0005649800378912939	1.632175250719763e-05	0.00011026929148491147	0.8838887406903564
MAF_Adj_LLD_AFR	-16863.336	0.7220914	-6.771122684767761e-08	4.9849941063939696e-08	-4.009231702184479e-08	2.0143868795230446e-08	-1.704536778390775e-08	2.9789072542030226e-08	-0.003406581172881336	0.0018651339728716378	-0.0007549793397372972	0.0006172083013389043	-0.0030402532174923402	0.0009858940612954524	0.0	0.0	0.4557962974181905	1.4331369689836564	25.413297911126815	14.618710612312556	239.661821826771	176.25656222439525	2.0539563166282586	0.7027963497058284	-0.007973410778500991	0.026352954107809686	0.0	0.00012106709516690831	0.0005051817192030485	0.8131675045200835
Recomb_Rate_10kb	188461.38	3.1084092	3.8784095934829566e-09	7.588474737474371e-09	-9.052315008695189e-10	2.424290768132664e-09	-3.876099885502526e-09	3.701645656661867e-09	0.008825825281870918	0.005137491991144564	0.0009272610373659571	0.0025534385126756544	0.01568842468811952	0.0031605982184569775	5.4840407	11.72733802576955	-63.626417231528244	350.5871991427556	5.539551448224467	2.492851301565984	38.85620120112823	27.747255961427506	1.0359516056871678	0.16380078514215188	1.113040109858123	2.267739929367351	0.9607645771074063	0.00048723102458291803	0.008334040305090908	0.9539905239046842
Nucleotide_Diversity_10kb	388744.6	1.880429	1.0469696221093727e-09	9.05733976708234e-09	2.079182159775428e-09	4.318420732118966e-09	-1.6257539758868234e-09	5.3737760907779375e-09	0.005609545602337614	0.006361370595906361	-0.0008632472010278065	0.004644269455324418	0.030897380140815976	0.003640213008292614	0.0	26.78554595866324	-56.832649776347516	441.9559740440587	0.658499907373451	0.3110911724072651	2.69444744776039	1.5318463882936026	0.9654200317788191	0.03634969260470163	0.9941942592871452	0.0730757387140318	0.9375069031664849	-5.871174053314406e-05	0.0003196676991432508	0.8562222258376821
Backgrd_Selection_Stat	15519.663	0.21791871	4.138477294191034e-08	8.558506436884272e-08	5.258949542508162e-08	3.5877803838957334e-08	-6.869822044563989e-08	6.995739454396244e-08	-5.217829017948325e-05	0.0002530384665133171	-0.00011711008078069953	0.00015308260038681364	0.0010218605632518335	0.0001817372435548748	0.0	0.0	-60.15884518133054	3260.264055053317	-1.6147610512091477	1.4274443240133028	-23.784407678255533	18.57158610579015	0.8597955224162853	0.12639560854571402	1.0523806079778173	58.16457033012391	0.999290846519332	2.6113647662479924e-07	9.162753167799498e-06	0.9775607694387287
CpG_Content_50kb	1218.4065	0.004860619	1.5827571360205184e-06	3.0816263461019844e-06	-2.2514991542266216e-06	1.9024715811610804e-06	-1.8834928141586715e-06	2.3446966679330217e-06	2.316717812586103e-05	1.756685802673558e-05	-5.427330868777039e-06	1.3376636435565218e-05	9.80151322048396e-05	9.001023979823873e-06	0.0	10.156053161621093	-41.12787806764807	277.36978886350187	1.6411434024592673	0.408896875573535	-7.0310659303859	6.290332844223244	1.0107293329774496	0.028040664532501768	0.7194649630525327	0.2047029003362923	0.18652202661966522	-3.7496875005572006e-09	3.883657866599774e-09	0.346421782080387
MAF_Adj_ASMC	659.44183	0.7437143	-4.56826256822751e-08	5.4652286252121485e-08	1.3661692221944577e-08	2.5385597623994727e-08	9.970689163196766e-09	2.9663285161518615e-08	-0.0019281117899029435	0.0019227384240985078	0.00038500837764601315	0.0009030180172890174	-0.00013645728162867287	0.001003673327300538	0.0	0.0	-74.3900113886028	100.92960058317665	-514.0052328287002	277.78425501704356	805.2673767086886	1048.8736850627781	-10.54184176158679	18.64331368392288	1.3013315860143826	3.171611299098971	0.9253025525765919	-4.603915806354021e-05	0.0002446764234837373	0.8527436217415771
GTEx_eQTL_MaxCPP	1032.7233	0.08443415	5.581771915785794e-07	7.337770853155234e-07	4.6256269570221775e-07	5.024081133342406e-07	-5.740097890338802e-07	2.3520568959156662e-07	0.00039532236121827326	0.00042935704177691705	0.000214182195558874	0.00029712394052198857	-0.00022717323723989613	0.00012247412411459685	-0.7807101	1.1572370824325553	0.39789618365105917	2.5943792513741686	68.04536557736938	36.54936784132125	1137.5838194628084	792.5820636971785	-1.8953503546984347	1.3822030065839024	-0.0069605429825089875	0.05258714202901126	7.016609515630989e-14	2.889296414763203e-06	4.795000110727503e-05	0.9525806919395532
BLUEPRINT_H3K27acQTL_MaxCPP	1476.9812	0.09642644	3.476274912372901e-07	9.441887982575281e-07	-4.4591575942831696e-07	3.9102488358366827e-07	4.0927488953457214e-07	3.259426364365936e-07	0.00045408242003855	0.0006786429751631113	-0.0003483724496697303	0.0002718091553636926	0.00041580080989260575	0.00023284642512073005	0.0	0.0	-7.883292145763354	13.571701651429759	57.28376032185692	41.33531246307312	-1046.3892931901114	854.625937821908	3.479126843789285	1.9729405266664826	0.13790530313902716	0.2571079349211203	0.003340794822588755	-1.0294828667520725e-05	5.976775906660538e-05	0.8650646791221861
BLUEPRINT_H3K4me1QTL_MaxCPP	982.31323	0.078775465	3.9393341921822866e-07	7.268965873663547e-07	-1.8544041324730642e-07	3.728901560862141e-07	-3.4516872915446584e-07	5.038139647695061e-07	0.00036388288979554426	0.00030412504322625876	-0.00016684245293782654	0.00020354523267754137	4.734291067997679e-06	0.00022239758704197224	0.0	0.0	-1.638291940050125	3.6218314981030333	60.559209372381105	31.006714178372743	-617.8732471619776	509.21201745440527	0.40042433843295255	2.7774676358441845	0.028659238100703453	0.07107497285655624	2.797784226515887e-11	-2.8106624375523574e-06	1.0181819443696622e-05	0.7854920284185463
BLUEPRINT_DNA_methylation_MaxCPP	1870.0096	0.10860826	1.0909484871035602e-07	5.191043896957126e-07	1.6478009001730243e-07	3.2998934784700396e-07	9.082858554165796e-08	3.169296292071522e-07	0.0003575605393535961	0.000523250015708057	3.7226161065935856e-05	0.0003147648945632012	0.0003119031680834415	0.0002728790508478586	2.7034657	22.79819279574801	40.35077714470565	1293.6809174701102	23.047431134031193	23.438483238940403	268.74961173072654	186.9068354011594	1.778875226089995	1.8002678606018951	-0.7058708533371412	21.171455924153637	0.936623341514419	2.0418223524144844e-06	7.463033979684592e-06	0.7873505870946207
synonymous	503.0	0.07786738	1.2771910178344115e-06	1.4484213579635252e-06	-9.092237860386376e-07	3.5205718518227513e-07	-3.773928725081532e-08	6.387155053744209e-07	0.0002630436400058128	0.0005932041820402449	-0.0002065500302089668	0.0001601125415147776	-5.79306979207293e-05	0.0002836644162816461	0.0	0.0	-3.403780094364997	6.6309240660864806	63.272791860837934	82.9067806834779	-2267.900809464002	1522.9071373578142	-2.600555197226768	7.050418521473566	0.05954356594335482	0.17271944488416427	2.971575823917938e-05	-3.7931128219120037e-06	2.115018564552046e-05	0.859568017637538
non_synonymous	492.0	0.07702371	1.6434512417617952e-06	1.2521642247520504e-06	-6.647785539826145e-07	5.669585334544536e-07	7.046522227938112e-07	5.768847586296033e-07	0.0004256236092951823	0.000583920203212648	-0.00014324345796478375	0.00029746639882704433	0.0002483624801288461	0.00029904216116407266	0.0	0.0	-19.736977721433785	856.4139346004342	143.29571770388122	112.30063799981279	-1448.4561667707735	1088.7290267209903	8.23013114002745	7.434526036558631	0.3452661458430564	8.33164730875896	0.9381852751273176	-1.3747573324854777e-06	2.1282412737404723e-05	0.949170520105165
Conserved_Vertebrate_phastCons46way	3166.0	0.19219801	-1.4088939792600286e-08	3.633053609064518e-07	1.874504107490793e-08	2.3955533379194094e-07	2.09683634011526e-07	2.0824305124733655e-07	0.00036032162727108927	0.0011491798473112329	-0.00021055623034916594	0.0005627353208010418	0.000213670938052166	0.0004209182381024936	0.0	6.421282319937966	-47.8992029261177	1045.6543386655155	23.108023139495018	27.536828017164318	-368.90770071291365	253.38374090810407	0.5770741482752084	1.6068280452125963	0.837918217098424	18.210320057694847	0.9929912772511049	-4.261855529611894e-06	4.862878773021396e-05	0.9310794498412538
Conserved_Vertebrate_phastCons46way.flanking.500	32416.0	0.48855624	2.851851093055302e-07	2.2357858142640907e-07	1.1533971999710957e-08	8.298313503019017e-08	5.4389715842262376e-08	1.0340129819041977e-07	-0.0006632529112474365	0.002492753369239311	0.0002937323673752705	0.0011224906879096516	0.003557913770358877	0.0007558626535110915	0.0	36.575657238511454	-55.88408193443768	82.30219402475889	-6.09326849632211	6.778689909904599	51.21050284896386	50.40144642069259	1.413378889746083	0.29282852602999965	0.9776006162547974	1.1807916929664966	0.9850629906173161	-2.5595018315424557e-05	0.00023241615283220627	0.9134644903962124
Conserved_Mammal_phastCons46way	1884.0	0.14945303	1.1362566283423803e-06	9.802404292713618e-07	4.625273106739769e-07	3.1595862992617185e-07	-3.99637144710141e-07	4.857110411649046e-07	0.0007006185136815891	0.0008258986241975652	-0.00016755583591937214	0.00044506623242604525	-0.00023241687026268683	0.00039912610586131833	0.0	4.803352499729891	-13.905752110604015	159.26917724367792	67.75948410507443	42.15415938246372	-601.6974810098341	404.611024307158	-1.9441868665559605	2.6093728055240226	0.24325839062295984	1.1494155901871943	0.5181988537851323	-2.01503632617654e-06	3.070990238454058e-05	0.948369679434399
Conserved_Mammal_phastCons46way.flanking.500	27586.0	0.4719935	-3.6198022712596867e-07	2.2624996631748218e-07	6.034679955746469e-08	8.561774222926033e-08	-6.069803504260562e-08	1.4831088890332467e-07	-0.0027184953146229575	0.0023124364271365034	0.0002650228189628695	0.0009875171086524302	0.003051045879202189	0.0009893669635917099	0.0	0.0	-42.11407616862197	18.944691235964527	-19.02742339927857	11.509521834415708	55.34438793410479	54.972324019740476	1.4277509139550935	0.45044295796961886	0.7367168859237445	1.1470493327518796	0.8209092376179479	-8.804635462384054e-05	0.0006901786418744081	0.8998294813403365
Conserved_Primate_phastCons46way	1521.0	0.13465606	-4.971977887180401e-07	7.541543141087459e-07	-3.6647755941032756e-09	2.0877045869838184e-07	-1.9145946339449438e-07	4.082673967786832e-07	-0.00043065461137202466	0.0007198564957807056	-0.0003039670268508337	0.000363049480829208	-0.0002547317011984192	0.00043862824516102233	0.0	0.0	13.225534166208194	100.07883846781695	-34.19706070425168	39.05833603961949	-877.9150506592041	614.1541264601439	-1.805911607375132	3.652531825542488	-0.23135909016725814	2.0405755412218154	0.5533543348918375	1.0656347523274038e-05	7.838516170343741e-05	0.8932920295125686
Conserved_Primate_phastCons46way.flanking.500	13361.0	0.36869285	1.1247142595038895e-07	1.612288542673923e-07	1.0749103829255091e-08	1.158266158540755e-07	-1.1515412623452903e-08	1.0126893101869427e-07	-0.000189337315755698	0.0012846099908100635	0.00010552571886500287	0.000956194562932423	0.0014811733260345122	0.000851259393448758	0.0	19.546052698232366	-45.96104997582562	58.16513488058818	-7.994892988828799	6.999289385821368	-49.80162535682732	38.3114234744548	1.3689364480472495	0.818624648369117	0.8040134010396315	1.1759478241851196	0.8693963501002144	-5.8791107031136605e-06	0.0001148152792581259	0.9596967085555936
BivFlnk	1911.0	0.15046406	5.264093942969339e-07	4.759384637509356e-07	3.2648429737491824e-07	2.3807697857591847e-07	3.9290156905735785e-07	2.5733217512424744e-07	0.000669388726121038	0.0007484356652253276	0.0004260587257759478	0.0004177194705724841	0.0006748706659570544	0.000412401075735891	1.2637076	1.229227738764401	20.59931102889056	134.57643679376608	46.75498124452345	33.46881718129305	945.3408575001517	773.6946843031932	3.5478108477661916	2.6968920754827046	-0.3603512567298345	2.9127302510283655	0.645785082098012	1.5510367865890377e-05	0.00018883440141367574	0.9353965759351661
BivFlnk.flanking.500	2935.0	0.18527177	3.0557646368833957e-07	3.629490095136134e-07	5.569397742988258e-08	2.2419864365019748e-07	7.995549822226167e-08	1.0569743125188324e-07	0.0007021526560910605	0.0009786676502673325	0.0001893049661021083	0.0005955144489205687	0.00036578437901144215	0.0003108775588542112	1.0032943	1.7848950117609368	-72.02936855036636	10042.147533940897	36.49565874357263	29.696453969611255	393.9230316718627	244.43893806529667	1.3693216199123555	1.2802763293884243	1.260036000338933	210.43298752830944	0.9990269216050485	-1.0402546440256702e-05	9.590707505530682e-05	0.9147642390983686
Human_Promoter_Villar	2709.0	0.17833428	6.391393014837377e-08	2.8639180982281687e-07	3.833453110502205e-09	1.5411801257414481e-07	4.5205524656921625e-08	2.1287554829996225e-07	0.0004573493578321191	0.0005190439068118153	-0.00016419271273665855	0.00026883686473496836	0.0006007132002357667	0.00034379709385213566	0.0	0.0	-21.841622717117254	110.92426538925159	30.447560612996597	19.22081020787418	-274.63256203592687	241.70582678097315	3.08448937156193	1.6140333733754513	0.38208346794188885	1.398025885825048	0.6634846470390157	-1.3612768666376057e-06	2.375758830365234e-05	0.9549056299659215
Human_Promoter_Villar.flanking.500	658.0	0.08899796	-1.5838185163374874e-07	8.298639500026184e-07	2.6086721049978223e-07	2.6427636612424976e-07	4.278556104964082e-07	3.8202097130124457e-07	-0.0002227978577677572	0.0003459414788790037	0.0002813969911951145	0.00022946526894584968	0.00016649814158392498	0.00018588035338979334	0.0	0.0	-3.226260692896634	14.968999577726786	-78.28567024825459	51.033505031799955	1906.1188509508686	1492.1766974619654	1.49398130004541	3.4998039226850715	0.05643815434374668	0.29664753102014685	0.0049219580375687855	-4.158629300977831e-06	4.8030052245881476e-05	0.9319082315155773
Human_Enhancer_Villar	4552.0	0.22857444	-4.093803056548495e-07	2.6855522605728765e-07	4.6687066657113974e-08	1.264458262539847e-07	-2.2254175746638793e-07	1.2762399137500324e-07	-0.0007663770600119255	0.0007553473868125952	0.0001901266692394335	0.00032332195390878617	-0.0003119459750292263	0.0003939428678147112	0.0	0.0	-8.50788342970631	36.96488738270846	-31.722466718157996	19.025953378705978	188.927423847569	166.74962569726875	-0.9256079131278607	1.064118826720718	0.14883150614628698	0.7533386996136529	0.2725971913672849	-7.442897776438696e-06	2.164701437078499e-05	0.7347497650361907
Human_Enhancer_Villar.flanking.500	1492.0	0.1333488	6.4103630847967e-07	5.363065724850458e-07	1.229731338980855e-07	3.2230749980044493e-07	1.7078501457490347e-07	2.237406988570001e-07	0.0011518773444987506	0.000802238889056193	0.0002313597242392534	0.0005147935159900493	0.00045765216203947577	0.0003056731652721387	0.88651997	5.105757882580593	32.06222051800283	197.59103797146804	111.6563978419628	62.7948289669532	1004.095365723555	638.057311901955	3.2928640913979037	2.57100756362371	-0.5608761109052327	3.789883465929607	0.6850560948379618	9.630775475122562e-06	0.00024557615144100243	0.9691264767899332
Ancient_Sequence_Age_Human_Promoter	646.0	0.08820034	-8.905737303166461e-08	5.874855446563743e-07	-4.1760348068464737e-08	4.1893159163919336e-07	1.869813246457852e-07	4.0975069737214653e-07	0.00011620439255432223	0.0003709570657860471	-9.798710270832647e-05	0.00021638057720014875	0.00025393322039606774	0.00022816131731688406	0.0	80.56886711120609	367.5518982436669	4020.0069507382627	40.86612095236767	44.95423017430885	-569.5214285398531	480.0017214560428	2.3556341994815373	4.248587483994982	-6.429719336718758	75.36797271900404	0.9225049329156747	8.314140494421053e-07	1.0719448493198766e-05	0.9389880238370092
Ancient_Sequence_Age_Human_Promoter.flanking.500	881.0	0.10287393	-2.6597891178425925e-07	7.56279916913627e-07	1.290433431222482e-07	3.400774915007787e-07	-4.831004574157305e-08	6.590638577108621e-07	-5.895649536949877e-05	0.0005468045481457988	0.00010019848395993856	0.00028975032762939434	0.00014429912075093212	0.0004883883596657938	0.0	8.041624809746942	561.0759213514065	42483.74455706951	-7.493648129826744	46.51758575738724	378.05641474881645	282.6872090924632	4.673832960082349	7.014360145712273	-9.815105616700732	714.7735698162123	0.9880855739373204	2.7523931255394817e-06	1.4769846427175235e-05	0.8541438571851279
Ancient_Sequence_Age_Human_Enhancer	582.0	0.08377673	-2.0186992344406463e-07	1.2368665238682297e-06	-1.4738597897689942e-08	3.901646152826288e-07	-4.1886465851348476e-07	3.9261888673536305e-07	-0.0003540626932706126	0.0007180248660012576	-4.686612146376528e-05	0.0002578275270595886	-0.0003130808827282693	0.00024065625598299251	0.0	4.8376174449920635	-19.521594986850552	1184.801858192766	-65.87856857702505	79.60153596769837	-758.2134651315275	458.6384667209389	-6.440873231771091	5.1123697230789285	0.34149837715525305	24.018483652596892	0.9784134972894394	-8.468323875985293e-07	1.1605988999393118e-05	0.9425965306466373
Ancient_Sequence_Age_Human_Enhancer.flanking.500	1245.0	0.12200997	7.849367875678581e-07	8.494054100083304e-07	1.7130700769030227e-07	3.0224276770240976e-07	1.2137037685988616e-07	2.5025337890838273e-07	0.0007531019519751419	0.0010021926152835757	0.0002318362823379298	0.0003356810565460063	0.00018595557513805452	0.00024353518580450535	0.4450324	0.9794035256385298	-96.48738957016701	495.18210551542035	67.23223630535955	56.237797792703816	1184.6343982605617	805.4345330260787	1.8023679754191537	2.4812331239850045	1.687889077524328	8.91767318256885	0.939320495845094	3.5250686918116324e-06	8.508859334937138e-05	0.9673867723995921
Human_Enhancer_Villar_Species_Enhancer_Count	9640.0	0.7396804	4.0383785204767264e-08	4.5376982171774216e-08	-2.6300392974576425e-09	1.8478885976946913e-08	3.62251455499063e-08	2.4103901097305425e-08	-0.0006975413974323694	0.0014613992309811025	0.00026700056693783445	0.000739659329040314	0.00019310983763413112	0.0009322053805763324	0.0	9.73743476867676	-51.26505873077332	64.45192762691124	-12.64065395992079	12.070782415761823	162.83021287401945	131.67750878171339	-0.11777732233526386	1.1987142387477645	0.8967983596176557	1.2260807831331457	0.9338002546349164	-4.482475046797215e-05	0.00027264152339717505	0.8711455414856841
Human_Promoter_Villar_ExAC	423.0	0.07148469	6.567518653355364e-07	7.309069474104035e-07	-2.2982882796895865e-07	4.082435793861805e-07	4.455791611235327e-07	5.763949957326986e-07	0.0002713125988767261	0.00029574530669671906	-0.00012729115134299038	0.0001771061784429161	0.00022988212568609239	0.00022711671430753331	0.0	0.0	-17.897541146658202	128.36536773858788	108.33026143966599	72.03430642803312	-1255.2096111331616	1042.149080263558	4.839791344938703	6.566139516314026	0.3130882113254619	2.2438293161983642	0.7628320232520522	-1.942259285272583e-07	4.428391763113278e-06	0.9654742659643418
Human_Promoter_Villar_ExAC.flanking.500	102.0	0.035157308	-1.5933800341372262e-06	3.1164599931798875e-06	9.873373301161337e-07	1.4288729062172933e-06	-1.1183960850758012e-06	1.268730329684331e-06	-0.0001815365926435247	0.00027594084092297374	0.00012694961333401293	0.00015105452721051157	-7.281350978862047e-05	0.0001215274543389934	0.0	0.0	3.6316018747643604	8.878235551649231	-367.7936322500409	256.04632694106283	4671.689831117453	4136.498471309498	-4.783540705379005	14.63024157363459	-0.06352893539392525	0.1685283354180889	4.671855250881762e-06	-3.7852564274667824e-07	5.951522598650393e-06	0.9499519215668517
dar_global	50.0	0.024622919	2.0543436676234705e-06	1.8879258050219505e-06	1.392636931996094e-06	1.0765810429802514e-06	3.353854026499903e-06	2.9177028864069143e-06	9.403647391086811e-05	9.086669246597918e-05	7.043340768447817e-05	5.372310127940513e-05	0.0001716036048173267	0.00014556713544861216	2.1085742	3.503909542966889	17.696670095573307	267.82611190563784	151.37438878959844	119.12381798163106	8714.693636892398	6466.772218807848	33.0492510905016	36.327029126242074	-0.30957430080692244	5.093052781077342	0.799842772072398	2.7605645891963025e-07	2.4437850970057194e-06	0.9112451685875704
